date,usages.x,usages.y,usage,daynight
2020-11-25T11:00:00Z,0,747,747,1
2020-11-25T12:00:00Z,0,481,481,1
2020-11-25T13:00:00Z,0,304,304,1
2020-11-25T14:00:00Z,0,270,270,1
2020-11-25T15:00:00Z,0,312,312,1
2020-11-25T16:00:00Z,0,167,167,1
2020-11-25T17:00:00Z,135,0,135,1
2020-11-25T18:00:00Z,70,0,70,1
2020-11-25T19:00:00Z,290,0,290,1
2020-11-25T20:00:00Z,414,0,414,1
2020-11-25T21:00:00Z,606,0,606,1
2020-11-25T22:00:00Z,304,0,304,0
2020-11-25T23:00:00Z,137,0,137,0
2020-11-26T00:00:00Z,231,0,231,0
2020-11-26T01:00:00Z,1,179,180,0
2020-11-26T02:00:00Z,0,128,128,0
2020-11-26T03:00:00Z,0,69,69,0
2020-11-26T04:00:00Z,0,37,37,0
2020-11-26T05:00:00Z,0,189,189,0
2020-11-26T06:00:00Z,0,461,461,1
2020-11-26T07:00:00Z,0,401,401,1
2020-11-26T08:00:00Z,0,332,332,1
2020-11-26T09:00:00Z,0,405,405,1
2020-11-26T10:00:00Z,0,268,268,1
2020-11-26T11:00:00Z,0,329,329,1
2020-11-26T12:00:00Z,0,312,312,1
2020-11-26T13:00:00Z,0,310,310,1
2020-11-26T14:00:00Z,0,375,375,1
2020-11-26T15:00:00Z,0,262,262,1
2020-11-26T16:00:00Z,0,291,291,1
2020-11-26T17:00:00Z,105,1,106,1
2020-11-26T18:00:00Z,74,0,74,1
2020-11-26T19:00:00Z,134,0,134,1
2020-11-26T20:00:00Z,516,0,516,1
2020-11-26T21:00:00Z,102,0,102,1
2020-11-26T22:00:00Z,589,0,589,0
2020-11-26T23:00:00Z,78,0,78,0
2020-11-27T00:00:00Z,106,0,106,0
2020-11-27T01:00:00Z,1,516,517,0
2020-11-27T02:00:00Z,0,922,922,0
2020-11-27T03:00:00Z,0,382,382,0
2020-11-27T04:00:00Z,0,348,348,0
2020-11-27T05:00:00Z,0,408,408,0
2020-11-27T06:00:00Z,0,403,403,1
2020-11-27T07:00:00Z,0,753,753,1
2020-11-27T08:00:00Z,0,1626,1626,1
2020-11-27T09:00:00Z,0,327,327,1
2020-11-27T10:00:00Z,0,352,352,1
2020-11-27T11:00:00Z,0,433,433,1
2020-11-27T12:00:00Z,0,598,598,1
2020-11-27T13:00:00Z,0,711,711,1
2020-11-27T14:00:00Z,0,357,357,1
2020-11-27T15:00:00Z,0,357,357,1
2020-11-27T16:00:00Z,0,237,237,1
2020-11-27T17:00:00Z,78,1,79,1
2020-11-27T18:00:00Z,65,0,65,1
2020-11-27T19:00:00Z,573,0,573,1
2020-11-27T20:00:00Z,71,0,71,1
2020-11-27T21:00:00Z,537,0,537,1
2020-11-27T22:00:00Z,104,0,104,0
2020-11-27T23:00:00Z,44,0,44,0
2020-11-28T00:00:00Z,146,0,146,0
2020-11-28T01:00:00Z,0,215,215,0
2020-11-28T02:00:00Z,0,622,622,0
2020-11-28T03:00:00Z,0,488,488,0
2020-11-28T04:00:00Z,0,896,896,0
2020-11-28T05:00:00Z,0,328,328,0
2020-11-28T06:00:00Z,0,503,503,1
2020-11-28T07:00:00Z,0,420,420,1
2020-11-28T08:00:00Z,0,1117,1117,1
2020-11-28T09:00:00Z,0,1687,1687,1
2020-11-28T10:00:00Z,0,458,458,1
2020-11-28T11:00:00Z,0,337,337,1
2020-11-28T12:00:00Z,0,346,346,1
2020-11-28T13:00:00Z,0,418,418,1
2020-11-28T14:00:00Z,0,287,287,1
2020-11-28T15:00:00Z,0,287,287,1
2020-11-28T16:00:00Z,0,271,271,1
2020-11-28T17:00:00Z,140,1,141,1
2020-11-28T18:00:00Z,102,0,102,1
2020-11-28T19:00:00Z,108,0,108,1
2020-11-28T20:00:00Z,533,0,533,1
2020-11-28T21:00:00Z,296,0,296,1
2020-11-28T22:00:00Z,392,0,392,0
2020-11-28T23:00:00Z,39,0,39,0
2020-11-29T00:00:00Z,167,0,167,0
2020-11-29T01:00:00Z,243,0,243,0
2020-11-29T02:00:00Z,306,0,306,0
2020-11-29T03:00:00Z,675,0,675,0
2020-11-29T04:00:00Z,588,0,588,0
2020-11-29T05:00:00Z,2072,0,2072,0
2020-11-29T06:00:00Z,594,0,594,1
2020-11-29T07:00:00Z,524,0,524,1
2020-11-29T08:00:00Z,476,0,476,1
2020-11-29T09:00:00Z,347,0,347,1
2020-11-29T10:00:00Z,1817,0,1817,1
2020-11-29T11:00:00Z,636,0,636,1
2020-11-29T12:00:00Z,648,0,648,1
2020-11-29T13:00:00Z,236,0,236,1
2020-11-29T14:00:00Z,285,0,285,1
2020-11-29T15:00:00Z,251,0,251,1
2020-11-29T16:00:00Z,234,0,234,1
2020-11-29T17:00:00Z,90,0,90,1
2020-11-29T18:00:00Z,40,0,40,1
2020-11-29T19:00:00Z,143,0,143,1
2020-11-29T20:00:00Z,565,0,565,1
2020-11-29T21:00:00Z,412,0,412,1
2020-11-29T22:00:00Z,277,0,277,0
2020-11-29T23:00:00Z,42,0,42,0
2020-11-30T00:00:00Z,70,0,70,0
2020-11-30T01:00:00Z,153,0,153,0
2020-11-30T02:00:00Z,1107,0,1107,0
2020-11-30T03:00:00Z,552,0,552,0
2020-11-30T04:00:00Z,1598,0,1598,0
2020-11-30T05:00:00Z,931,0,931,0
2020-11-30T06:00:00Z,532,0,532,1
2020-11-30T07:00:00Z,581,0,581,1
2020-11-30T08:00:00Z,423,0,423,1
2020-11-30T09:00:00Z,449,0,449,1
2020-11-30T10:00:00Z,468,0,468,1
2020-11-30T11:00:00Z,335,0,335,1
2020-11-30T12:00:00Z,1131,0,1131,1
2020-11-30T13:00:00Z,835,0,835,1
2020-11-30T14:00:00Z,373,0,373,1
2020-11-30T15:00:00Z,1366,0,1366,1
2020-11-30T16:00:00Z,358,0,358,1
2020-11-30T17:00:00Z,136,0,136,1
2020-11-30T18:00:00Z,60,0,60,1
2020-11-30T19:00:00Z,72,0,72,1
2020-11-30T20:00:00Z,131,0,131,1
2020-11-30T21:00:00Z,51,0,51,1
2020-11-30T22:00:00Z,42,0,42,0
2020-11-30T23:00:00Z,145,0,145,0
2020-12-01T00:00:00Z,231,0,231,0
2020-12-01T01:00:00Z,0,195,195,0
2020-12-01T02:00:00Z,0,131,131,0
2020-12-01T03:00:00Z,0,79,79,0
2020-12-01T04:00:00Z,0,37,37,0
2020-12-01T05:00:00Z,0,49,49,0
2020-12-01T06:00:00Z,0,126,126,1
2020-12-01T07:00:00Z,0,109,109,1
2020-12-01T08:00:00Z,0,202,202,1
2020-12-01T09:00:00Z,0,215,215,1
2020-12-01T10:00:00Z,0,179,179,1
2020-12-01T11:00:00Z,0,527,527,1
2020-12-01T12:00:00Z,0,351,351,1
2020-12-01T13:00:00Z,0,438,438,1
2020-12-01T14:00:00Z,0,367,367,1
2020-12-01T15:00:00Z,0,359,359,1
2020-12-01T16:00:00Z,0,302,302,1
2020-12-01T17:00:00Z,50,0,50,1
2020-12-01T18:00:00Z,88,0,88,1
2020-12-01T19:00:00Z,141,0,141,1
2020-12-01T20:00:00Z,555,0,555,1
2020-12-01T21:00:00Z,317,0,317,1
2020-12-01T22:00:00Z,460,0,460,0
2020-12-01T23:00:00Z,115,0,115,0
2020-12-02T00:00:00Z,108,0,108,0
2020-12-02T01:00:00Z,0,498,498,0
2020-12-02T02:00:00Z,0,324,324,0
2020-12-02T03:00:00Z,0,353,353,0
2020-12-02T04:00:00Z,0,438,438,0
2020-12-02T05:00:00Z,0,335,335,0
2020-12-02T06:00:00Z,0,458,458,1
2020-12-02T07:00:00Z,0,280,280,1
2020-12-02T08:00:00Z,0,341,341,1
2020-12-02T09:00:00Z,0,422,422,1
2020-12-02T10:00:00Z,0,339,339,1
2020-12-02T11:00:00Z,0,413,413,1
2020-12-02T12:00:00Z,0,338,338,1
2020-12-02T13:00:00Z,0,356,356,1
2020-12-02T14:00:00Z,0,848,848,1
2020-12-02T15:00:00Z,0,449,449,1
2020-12-02T16:00:00Z,0,703,703,1
2020-12-02T17:00:00Z,88,1,89,1
2020-12-02T18:00:00Z,124,0,124,1
2020-12-02T19:00:00Z,50,0,50,1
2020-12-02T20:00:00Z,96,0,96,1
2020-12-02T21:00:00Z,99,0,99,1
2020-12-02T22:00:00Z,64,0,64,0
2020-12-02T23:00:00Z,126,0,126,0
2020-12-03T00:00:00Z,246,0,246,0
2020-12-03T01:00:00Z,0,183,183,0
2020-12-03T02:00:00Z,0,128,128,0
2020-12-03T03:00:00Z,0,60,60,0
2020-12-03T04:00:00Z,0,38,38,0
2020-12-03T05:00:00Z,0,121,121,0
2020-12-03T06:00:00Z,0,317,317,1
2020-12-03T07:00:00Z,0,326,326,1
2020-12-03T08:00:00Z,0,276,276,1
2020-12-03T09:00:00Z,0,523,523,1
2020-12-03T10:00:00Z,0,361,361,1
2020-12-03T11:00:00Z,0,544,544,1
2020-12-03T12:00:00Z,0,309,309,1
2020-12-03T13:00:00Z,0,344,344,1
2020-12-03T14:00:00Z,0,320,320,1
2020-12-03T15:00:00Z,0,242,242,1
2020-12-03T16:00:00Z,0,309,309,1
2020-12-03T17:00:00Z,108,1,109,1
2020-12-03T18:00:00Z,86,0,86,1
2020-12-03T19:00:00Z,129,0,129,1
2020-12-03T20:00:00Z,532,0,532,1
2020-12-03T21:00:00Z,116,0,116,1
2020-12-03T22:00:00Z,590,0,590,0
2020-12-03T23:00:00Z,55,0,55,0
2020-12-04T00:00:00Z,270,0,270,0
2020-12-04T01:00:00Z,1,192,193,0
2020-12-04T02:00:00Z,0,79,79,0
2020-12-04T03:00:00Z,0,112,112,0
2020-12-04T04:00:00Z,0,37,37,0
2020-12-04T05:00:00Z,0,60,60,0
2020-12-04T06:00:00Z,0,126,126,1
2020-12-04T07:00:00Z,0,44,44,1
2020-12-04T08:00:00Z,0,37,37,1
2020-12-04T09:00:00Z,0,127,127,1
2020-12-04T10:00:00Z,0,384,384,1
2020-12-04T11:00:00Z,0,328,328,1
2020-12-04T12:00:00Z,0,311,311,1
2020-12-04T13:00:00Z,0,252,252,1
2020-12-04T14:00:00Z,0,333,333,1
2020-12-04T15:00:00Z,0,343,343,1
2020-12-04T16:00:00Z,0,349,349,1
2020-12-04T17:00:00Z,106,0,106,1
2020-12-04T18:00:00Z,127,0,127,1
2020-12-04T19:00:00Z,84,0,84,1
2020-12-04T20:00:00Z,514,0,514,1
2020-12-04T21:00:00Z,181,0,181,1
2020-12-04T22:00:00Z,517,0,517,0
2020-12-04T23:00:00Z,75,0,75,0
2020-12-05T00:00:00Z,153,0,153,0
2020-12-05T01:00:00Z,1,323,324,0
2020-12-05T02:00:00Z,0,1073,1073,0
2020-12-05T03:00:00Z,0,2205,2205,0
2020-12-05T04:00:00Z,0,352,352,0
2020-12-05T05:00:00Z,0,823,823,0
2020-12-05T06:00:00Z,0,1930,1930,1
2020-12-05T07:00:00Z,0,434,434,1
2020-12-05T08:00:00Z,0,259,259,1
2020-12-05T09:00:00Z,0,416,416,1
2020-12-05T10:00:00Z,0,333,333,1
2020-12-05T11:00:00Z,0,1790,1790,1
2020-12-05T12:00:00Z,0,284,284,1
2020-12-05T13:00:00Z,0,319,319,1
2020-12-05T14:00:00Z,0,742,742,1
2020-12-05T15:00:00Z,0,1290,1290,1
2020-12-05T16:00:00Z,0,320,320,1
2020-12-05T17:00:00Z,173,0,173,1
2020-12-05T18:00:00Z,146,0,146,1
2020-12-05T19:00:00Z,54,0,54,1
2020-12-05T20:00:00Z,596,0,596,1
2020-12-05T21:00:00Z,105,0,105,1
2020-12-05T22:00:00Z,508,0,508,0
2020-12-05T23:00:00Z,142,0,142,0
2020-12-06T00:00:00Z,113,0,113,0
2020-12-06T01:00:00Z,100,0,100,0
2020-12-06T02:00:00Z,307,0,307,0
2020-12-06T03:00:00Z,717,0,717,0
2020-12-06T04:00:00Z,443,0,443,0
2020-12-06T05:00:00Z,379,0,379,0
2020-12-06T06:00:00Z,547,0,547,1
2020-12-06T07:00:00Z,356,0,356,1
2020-12-06T08:00:00Z,2146,0,2146,1
2020-12-06T09:00:00Z,1072,0,1072,1
2020-12-06T10:00:00Z,446,0,446,1
2020-12-06T11:00:00Z,1795,0,1795,1
2020-12-06T12:00:00Z,840,0,840,1
2020-12-06T13:00:00Z,641,0,641,1
2020-12-06T14:00:00Z,299,0,299,1
2020-12-06T15:00:00Z,1466,0,1466,1
2020-12-06T16:00:00Z,236,0,236,1
2020-12-06T17:00:00Z,140,0,140,1
2020-12-06T18:00:00Z,75,0,75,1
2020-12-06T19:00:00Z,67,0,67,1
2020-12-06T20:00:00Z,620,0,620,1
2020-12-06T21:00:00Z,121,0,121,1
2020-12-06T22:00:00Z,481,0,481,0
2020-12-06T23:00:00Z,105,0,105,0
2020-12-07T00:00:00Z,148,0,148,0
2020-12-07T01:00:00Z,118,0,118,0
2020-12-07T02:00:00Z,556,0,556,0
2020-12-07T03:00:00Z,2121,0,2121,0
2020-12-07T04:00:00Z,470,0,470,0
2020-12-07T05:00:00Z,250,0,250,0
2020-12-07T06:00:00Z,1008,0,1008,1
2020-12-07T07:00:00Z,3253,0,3253,1
2020-12-07T08:00:00Z,406,0,406,1
2020-12-07T09:00:00Z,498,0,498,1
2020-12-07T10:00:00Z,319,0,319,1
2020-12-07T11:00:00Z,799,0,799,1
2020-12-07T12:00:00Z,666,0,666,1
2020-12-07T13:00:00Z,321,0,321,1
2020-12-07T14:00:00Z,291,0,291,1
2020-12-07T15:00:00Z,341,0,341,1
2020-12-07T16:00:00Z,225,0,225,1
2020-12-07T17:00:00Z,117,0,117,1
2020-12-07T18:00:00Z,127,0,127,1
2020-12-07T19:00:00Z,94,0,94,1
2020-12-07T20:00:00Z,585,0,585,1
2020-12-07T21:00:00Z,612,0,612,1
2020-12-07T22:00:00Z,74,0,74,0
2020-12-07T23:00:00Z,129,0,129,0
2020-12-08T00:00:00Z,220,0,220,0
2020-12-08T01:00:00Z,0,225,225,0
2020-12-08T02:00:00Z,0,95,95,0
2020-12-08T03:00:00Z,0,37,37,0
2020-12-08T04:00:00Z,0,100,100,0
2020-12-08T05:00:00Z,0,409,409,0
2020-12-08T06:00:00Z,0,312,312,1
2020-12-08T07:00:00Z,0,449,449,1
2020-12-08T08:00:00Z,0,312,312,1
2020-12-08T09:00:00Z,0,485,485,1
2020-12-08T10:00:00Z,0,300,300,1
2020-12-08T11:00:00Z,0,367,367,1
2020-12-08T12:00:00Z,0,353,353,1
2020-12-08T13:00:00Z,0,303,303,1
2020-12-08T14:00:00Z,0,340,340,1
2020-12-08T15:00:00Z,0,340,340,1
2020-12-08T16:00:00Z,0,269,269,1
2020-12-08T17:00:00Z,58,1,59,1
2020-12-08T18:00:00Z,140,0,140,1
2020-12-08T19:00:00Z,74,0,74,1
2020-12-08T20:00:00Z,540,0,540,1
2020-12-08T21:00:00Z,444,0,444,1
2020-12-08T22:00:00Z,306,0,306,0
2020-12-08T23:00:00Z,96,0,96,0
2020-12-09T00:00:00Z,167,0,167,0
2020-12-09T01:00:00Z,0,512,512,0
2020-12-09T02:00:00Z,0,333,333,0
2020-12-09T03:00:00Z,0,425,425,0
2020-12-09T04:00:00Z,0,381,381,0
2020-12-09T05:00:00Z,0,359,359,0
2020-12-09T06:00:00Z,0,532,532,1
2020-12-09T07:00:00Z,0,357,357,1
2020-12-09T08:00:00Z,0,460,460,1
2020-12-09T09:00:00Z,0,252,252,1
2020-12-09T10:00:00Z,0,391,391,1
2020-12-09T11:00:00Z,0,401,401,1
2020-12-09T12:00:00Z,0,500,500,1
2020-12-09T13:00:00Z,0,446,446,1
2020-12-09T14:00:00Z,0,332,332,1
2020-12-09T15:00:00Z,0,341,341,1
2020-12-09T16:00:00Z,0,262,262,1
2020-12-09T17:00:00Z,76,0,76,1
2020-12-09T18:00:00Z,115,0,115,1
2020-12-09T19:00:00Z,103,0,103,1
2020-12-09T20:00:00Z,551,0,551,1
2020-12-09T21:00:00Z,130,0,130,1
2020-12-09T22:00:00Z,597,0,597,0
2020-12-09T23:00:00Z,98,0,98,0
2020-12-10T00:00:00Z,100,0,100,0
2020-12-10T01:00:00Z,0,889,889,0
2020-12-10T02:00:00Z,0,250,250,0
2020-12-10T03:00:00Z,0,326,326,0
2020-12-10T04:00:00Z,0,310,310,0
2020-12-10T05:00:00Z,0,419,419,0
2020-12-10T06:00:00Z,0,326,326,1
2020-12-10T07:00:00Z,0,302,302,1
2020-12-10T08:00:00Z,0,336,336,1
2020-12-10T09:00:00Z,0,376,376,1
2020-12-10T10:00:00Z,0,1705,1705,1
2020-12-10T11:00:00Z,0,464,464,1
2020-12-10T12:00:00Z,0,1007,1007,1
2020-12-10T13:00:00Z,0,718,718,1
2020-12-10T14:00:00Z,0,285,285,1
2020-12-10T15:00:00Z,0,334,334,1
2020-12-10T16:00:00Z,0,187,187,1
2020-12-10T17:00:00Z,170,1,171,1
2020-12-10T18:00:00Z,70,0,70,1
2020-12-10T19:00:00Z,73,0,73,1
2020-12-10T20:00:00Z,627,0,627,1
2020-12-10T21:00:00Z,98,0,98,1
2020-12-10T22:00:00Z,505,0,505,0
2020-12-10T23:00:00Z,170,0,170,0
2020-12-11T00:00:00Z,121,0,121,0
2020-12-11T01:00:00Z,0,562,562,0
2020-12-11T02:00:00Z,0,327,327,0
2020-12-11T03:00:00Z,0,359,359,0
2020-12-11T04:00:00Z,0,482,482,0
2020-12-11T05:00:00Z,0,333,333,0
2020-12-11T06:00:00Z,0,560,560,1
2020-12-11T07:00:00Z,0,347,347,1
2020-12-11T08:00:00Z,0,378,378,1
2020-12-11T09:00:00Z,0,362,362,1
2020-12-11T10:00:00Z,0,350,350,1
2020-12-11T11:00:00Z,0,336,336,1
2020-12-11T12:00:00Z,0,1100,1100,1
2020-12-11T13:00:00Z,0,283,283,1
2020-12-11T14:00:00Z,0,832,832,1
2020-12-11T15:00:00Z,0,401,401,1
2020-12-11T16:00:00Z,0,710,710,1
2020-12-11T17:00:00Z,110,1,111,1
2020-12-11T18:00:00Z,83,0,83,1
2020-12-11T19:00:00Z,136,0,136,1
2020-12-11T20:00:00Z,39,0,39,1
2020-12-11T21:00:00Z,52,0,52,1
2020-12-11T22:00:00Z,132,0,132,0
2020-12-11T23:00:00Z,122,0,122,0
2020-12-12T00:00:00Z,89,0,89,0
2020-12-12T01:00:00Z,0,416,416,0
2020-12-12T02:00:00Z,0,301,301,0
2020-12-12T03:00:00Z,0,395,395,0
2020-12-12T04:00:00Z,0,263,263,0
2020-12-12T05:00:00Z,0,695,695,0
2020-12-12T06:00:00Z,0,406,406,1
2020-12-12T07:00:00Z,0,433,433,1
2020-12-12T08:00:00Z,0,460,460,1
2020-12-12T09:00:00Z,0,328,328,1
2020-12-12T10:00:00Z,0,410,410,1
2020-12-12T11:00:00Z,0,340,340,1
2020-12-12T12:00:00Z,0,281,281,1
2020-12-12T13:00:00Z,0,307,307,1
2020-12-12T14:00:00Z,0,345,345,1
2020-12-12T15:00:00Z,0,301,301,1
2020-12-12T16:00:00Z,0,210,210,1
2020-12-12T17:00:00Z,83,0,83,1
2020-12-12T18:00:00Z,73,0,73,1
2020-12-12T19:00:00Z,592,0,592,1
2020-12-12T20:00:00Z,70,0,70,1
2020-12-12T21:00:00Z,547,0,547,1
2020-12-12T22:00:00Z,113,0,113,0
2020-12-12T23:00:00Z,39,0,39,0
2020-12-13T00:00:00Z,308,0,308,0
2020-12-13T01:00:00Z,346,0,346,0
2020-12-13T02:00:00Z,361,0,361,0
2020-12-13T03:00:00Z,692,0,692,0
2020-12-13T04:00:00Z,140,0,140,0
2020-12-13T05:00:00Z,410,0,410,0
2020-12-13T06:00:00Z,277,0,277,1
2020-12-13T07:00:00Z,417,0,417,1
2020-12-13T08:00:00Z,1086,0,1086,1
2020-12-13T09:00:00Z,251,0,251,1
2020-12-13T10:00:00Z,1650,0,1650,1
2020-12-13T11:00:00Z,2033,0,2033,1
2020-12-13T12:00:00Z,1965,0,1965,1
2020-12-13T13:00:00Z,806,0,806,1
2020-12-13T14:00:00Z,259,0,259,1
2020-12-13T15:00:00Z,316,0,316,1
2020-12-13T16:00:00Z,185,0,185,1
2020-12-13T17:00:00Z,605,0,605,1
2020-12-13T18:00:00Z,62,0,62,1
2020-12-13T19:00:00Z,98,0,98,1
2020-12-13T20:00:00Z,566,0,566,1
2020-12-13T21:00:00Z,100,0,100,1
2020-12-13T22:00:00Z,556,0,556,0
2020-12-13T23:00:00Z,93,0,93,0
2020-12-14T00:00:00Z,83,0,83,0
2020-12-14T01:00:00Z,145,0,145,0
2020-12-14T02:00:00Z,292,0,292,0
2020-12-14T03:00:00Z,196,0,196,0
2020-12-14T04:00:00Z,2740,0,2740,0
2020-12-14T05:00:00Z,555,0,555,0
2020-12-14T06:00:00Z,549,0,549,1
2020-12-14T07:00:00Z,454,0,454,1
2020-12-14T08:00:00Z,549,0,549,1
2020-12-14T09:00:00Z,1266,0,1266,1
2020-12-14T10:00:00Z,1434,0,1434,1
2020-12-14T11:00:00Z,1879,0,1879,1
2020-12-14T12:00:00Z,1437,0,1437,1
2020-12-14T13:00:00Z,276,0,276,1
2020-12-14T14:00:00Z,346,0,346,1
2020-12-14T15:00:00Z,257,0,257,1
2020-12-14T16:00:00Z,233,0,233,1
2020-12-14T17:00:00Z,52,0,52,1
2020-12-14T18:00:00Z,98,0,98,1
2020-12-14T19:00:00Z,578,0,578,1
2020-12-14T20:00:00Z,99,0,99,1
2020-12-14T21:00:00Z,568,0,568,1
2020-12-14T22:00:00Z,91,0,91,0
2020-12-14T23:00:00Z,59,0,59,0
2020-12-15T00:00:00Z,174,0,174,0
2020-12-15T01:00:00Z,1,444,445,0
2020-12-15T02:00:00Z,0,242,242,0
2020-12-15T03:00:00Z,0,478,478,0
2020-12-15T04:00:00Z,0,238,238,0
2020-12-15T05:00:00Z,0,416,416,0
2020-12-15T06:00:00Z,0,297,297,1
2020-12-15T07:00:00Z,0,381,381,1
2020-12-15T08:00:00Z,0,193,193,1
2020-12-15T09:00:00Z,0,219,219,1
2020-12-15T10:00:00Z,0,76,76,1
2020-12-15T11:00:00Z,0,186,186,1
2020-12-15T12:00:00Z,0,222,222,1
2020-12-15T13:00:00Z,0,303,303,1
2020-12-15T14:00:00Z,0,289,289,1
2020-12-15T15:00:00Z,0,385,385,1
2020-12-15T16:00:00Z,0,219,219,1
2020-12-15T17:00:00Z,159,1,160,1
2020-12-15T18:00:00Z,49,0,49,1
2020-12-15T19:00:00Z,128,0,128,1
2020-12-15T20:00:00Z,521,0,521,1
2020-12-15T21:00:00Z,121,0,121,1
2020-12-15T22:00:00Z,846,0,846,0
2020-12-15T23:00:00Z,49,0,49,0
2020-12-16T00:00:00Z,370,0,370,0
2020-12-16T01:00:00Z,0,338,338,0
2020-12-16T02:00:00Z,0,397,397,0
2020-12-16T03:00:00Z,0,326,326,0
2020-12-16T04:00:00Z,0,291,291,0
2020-12-16T05:00:00Z,0,452,452,0
2020-12-16T06:00:00Z,0,280,280,1
2020-12-16T07:00:00Z,0,317,317,1
2020-12-16T08:00:00Z,0,320,320,1
2020-12-16T09:00:00Z,0,240,240,1
2020-12-16T10:00:00Z,0,469,469,1
2020-12-16T11:00:00Z,0,331,331,1
2020-12-16T12:00:00Z,0,383,383,1
2020-12-16T13:00:00Z,0,272,272,1
2020-12-16T14:00:00Z,0,342,342,1
2020-12-16T15:00:00Z,0,267,267,1
2020-12-16T16:00:00Z,0,273,273,1
2020-12-16T17:00:00Z,120,1,121,1
2020-12-16T18:00:00Z,95,0,95,1
2020-12-16T19:00:00Z,105,0,105,1
2020-12-16T20:00:00Z,499,0,499,1
2020-12-16T21:00:00Z,177,0,177,1
2020-12-16T22:00:00Z,498,0,498,0
2020-12-16T23:00:00Z,51,0,51,0
2020-12-17T00:00:00Z,248,0,248,0
2020-12-17T01:00:00Z,8,350,358,0
2020-12-17T02:00:00Z,0,359,359,0
2020-12-17T03:00:00Z,0,475,475,0
2020-12-17T04:00:00Z,0,409,409,0
2020-12-17T05:00:00Z,0,477,477,0
2020-12-17T06:00:00Z,0,339,339,1
2020-12-17T07:00:00Z,0,414,414,1
2020-12-17T08:00:00Z,0,247,247,1
2020-12-17T09:00:00Z,0,406,406,1
2020-12-17T10:00:00Z,0,398,398,1
2020-12-17T11:00:00Z,0,351,351,1
2020-12-17T12:00:00Z,0,300,300,1
2020-12-17T13:00:00Z,0,318,318,1
2020-12-17T14:00:00Z,0,286,286,1
2020-12-17T15:00:00Z,0,312,312,1
2020-12-17T16:00:00Z,0,213,213,1
2020-12-17T17:00:00Z,122,0,122,1
2020-12-17T18:00:00Z,99,0,99,1
2020-12-17T19:00:00Z,48,0,48,1
2020-12-17T20:00:00Z,566,0,566,1
2020-12-17T21:00:00Z,82,0,82,1
2020-12-17T22:00:00Z,508,0,508,0
2020-12-17T23:00:00Z,119,0,119,0
2020-12-18T00:00:00Z,124,0,124,0
2020-12-18T01:00:00Z,0,210,210,0
2020-12-18T02:00:00Z,0,78,78,0
2020-12-18T03:00:00Z,0,37,37,0
2020-12-18T04:00:00Z,0,308,308,0
2020-12-18T05:00:00Z,0,393,393,0
2020-12-18T06:00:00Z,0,466,466,1
2020-12-18T07:00:00Z,0,349,349,1
2020-12-18T08:00:00Z,0,798,798,1
2020-12-18T09:00:00Z,0,578,578,1
2020-12-18T10:00:00Z,0,335,335,1
2020-12-18T11:00:00Z,0,1826,1826,1
2020-12-18T12:00:00Z,0,476,476,1
2020-12-18T13:00:00Z,0,432,432,1
2020-12-18T14:00:00Z,0,331,331,1
2020-12-18T15:00:00Z,0,331,331,1
2020-12-18T16:00:00Z,0,328,328,1
2020-12-18T17:00:00Z,167,2,169,1
2020-12-18T18:00:00Z,123,0,123,1
2020-12-18T19:00:00Z,66,0,66,1
2020-12-18T20:00:00Z,555,0,555,1
2020-12-18T21:00:00Z,135,0,135,1
2020-12-18T22:00:00Z,524,0,524,0
2020-12-18T23:00:00Z,142,0,142,0
2020-12-19T00:00:00Z,93,0,93,0
2020-12-19T01:00:00Z,0,718,718,0
2020-12-19T02:00:00Z,0,274,274,0
2020-12-19T03:00:00Z,0,1057,1057,0
2020-12-19T04:00:00Z,0,652,652,0
2020-12-19T05:00:00Z,0,413,413,0
2020-12-19T06:00:00Z,0,1299,1299,1
2020-12-19T07:00:00Z,0,2083,2083,1
2020-12-19T08:00:00Z,0,373,373,1
2020-12-19T09:00:00Z,0,106,106,1
2020-12-19T10:00:00Z,0,202,202,1
2020-12-19T11:00:00Z,0,2261,2261,1
2020-12-19T12:00:00Z,0,472,472,1
2020-12-19T13:00:00Z,0,296,296,1
2020-12-19T14:00:00Z,0,2231,2231,1
2020-12-19T15:00:00Z,0,392,392,1
2020-12-19T16:00:00Z,0,276,276,1
2020-12-19T17:00:00Z,155,0,155,1
2020-12-19T18:00:00Z,91,0,91,1
2020-12-19T19:00:00Z,58,0,58,1
2020-12-19T20:00:00Z,564,0,564,1
2020-12-19T21:00:00Z,72,0,72,1
2020-12-19T22:00:00Z,529,0,529,0
2020-12-19T23:00:00Z,94,0,94,0
2020-12-20T00:00:00Z,86,0,86,0
2020-12-20T01:00:00Z,326,0,326,0
2020-12-20T02:00:00Z,494,0,494,0
2020-12-20T03:00:00Z,347,0,347,0
2020-12-20T04:00:00Z,2530,0,2530,0
2020-12-20T05:00:00Z,1758,0,1758,0
2020-12-20T06:00:00Z,1971,0,1971,1
2020-12-20T07:00:00Z,663,0,663,1
2020-12-20T08:00:00Z,1260,0,1260,1
2020-12-20T09:00:00Z,2582,0,2582,1
2020-12-20T10:00:00Z,447,0,447,1
2020-12-20T11:00:00Z,948,0,948,1
2020-12-20T12:00:00Z,1096,0,1096,1
2020-12-20T13:00:00Z,2219,0,2219,1
2020-12-20T14:00:00Z,338,0,338,1
2020-12-20T15:00:00Z,736,0,736,1
2020-12-20T16:00:00Z,239,0,239,1
2020-12-20T17:00:00Z,53,0,53,1
2020-12-20T18:00:00Z,114,0,114,1
2020-12-20T19:00:00Z,56,0,56,1
2020-12-20T20:00:00Z,403,0,403,1
2020-12-20T21:00:00Z,234,0,234,1
2020-12-20T22:00:00Z,339,0,339,0
2020-12-20T23:00:00Z,112,0,112,0
2020-12-21T00:00:00Z,75,0,75,0
2020-12-21T01:00:00Z,142,0,142,0
2020-12-21T02:00:00Z,410,0,410,0
2020-12-21T03:00:00Z,870,0,870,0
2020-12-21T04:00:00Z,851,0,851,0
2020-12-21T05:00:00Z,392,0,392,0
2020-12-21T06:00:00Z,296,0,296,1
2020-12-21T07:00:00Z,334,0,334,1
2020-12-21T08:00:00Z,1682,0,1682,1
2020-12-21T09:00:00Z,1077,0,1077,1
2020-12-21T10:00:00Z,437,0,437,1
2020-12-21T11:00:00Z,2169,0,2169,1
2020-12-21T12:00:00Z,846,0,846,1
2020-12-21T13:00:00Z,332,0,332,1
2020-12-21T14:00:00Z,289,0,289,1
2020-12-21T15:00:00Z,625,0,625,1
2020-12-21T16:00:00Z,190,0,190,1
2020-12-21T17:00:00Z,174,0,174,1
2020-12-21T18:00:00Z,45,0,45,1
2020-12-21T19:00:00Z,115,0,115,1
2020-12-21T20:00:00Z,535,0,535,1
2020-12-21T21:00:00Z,101,0,101,1
2020-12-21T22:00:00Z,567,0,567,0
2020-12-21T23:00:00Z,62,0,62,0
2020-12-22T00:00:00Z,182,0,182,0
2020-12-22T01:00:00Z,0,861,861,0
2020-12-22T02:00:00Z,0,270,270,0
2020-12-22T03:00:00Z,0,463,463,0
2020-12-22T04:00:00Z,0,344,344,0
2020-12-22T05:00:00Z,0,304,304,0
2020-12-22T06:00:00Z,0,580,580,1
2020-12-22T07:00:00Z,0,547,547,1
2020-12-22T08:00:00Z,0,498,498,1
2020-12-22T09:00:00Z,0,385,385,1
2020-12-22T10:00:00Z,0,1052,1052,1
2020-12-22T11:00:00Z,0,409,409,1
2020-12-22T12:00:00Z,0,325,325,1
2020-12-22T13:00:00Z,0,309,309,1
2020-12-22T14:00:00Z,0,303,303,1
2020-12-22T15:00:00Z,0,323,323,1
2020-12-22T16:00:00Z,0,225,225,1
2020-12-22T17:00:00Z,147,0,147,1
2020-12-22T18:00:00Z,73,0,73,1
2020-12-22T19:00:00Z,85,0,85,1
2020-12-22T20:00:00Z,575,0,575,1
2020-12-22T21:00:00Z,258,0,258,1
2020-12-22T22:00:00Z,432,0,432,0
2020-12-22T23:00:00Z,72,0,72,0
2020-12-23T00:00:00Z,293,0,293,0
2020-12-23T01:00:00Z,2,187,189,0
2020-12-23T02:00:00Z,0,109,109,0
2020-12-23T03:00:00Z,0,58,58,0
2020-12-23T04:00:00Z,0,59,59,0
2020-12-23T05:00:00Z,0,106,106,0
2020-12-23T06:00:00Z,0,37,37,1
2020-12-23T07:00:00Z,0,97,97,1
2020-12-23T08:00:00Z,0,77,77,1
2020-12-23T09:00:00Z,0,37,37,1
2020-12-23T10:00:00Z,0,149,149,1
2020-12-23T11:00:00Z,0,813,813,1
2020-12-23T12:00:00Z,0,431,431,1
2020-12-23T13:00:00Z,0,1300,1300,1
2020-12-23T14:00:00Z,0,1147,1147,1
2020-12-23T15:00:00Z,0,286,286,1
2020-12-23T16:00:00Z,0,270,270,1
2020-12-23T17:00:00Z,73,0,73,1
2020-12-23T18:00:00Z,105,0,105,1
2020-12-23T19:00:00Z,97,0,97,1
2020-12-23T20:00:00Z,505,0,505,1
2020-12-23T21:00:00Z,581,0,581,1
2020-12-23T22:00:00Z,45,0,45,0
2020-12-23T23:00:00Z,90,0,90,0
2020-12-24T00:00:00Z,278,0,278,0
2020-12-24T01:00:00Z,1,235,236,0
2020-12-24T02:00:00Z,0,60,60,0
2020-12-24T03:00:00Z,0,70,70,0
2020-12-24T04:00:00Z,0,97,97,0
2020-12-24T05:00:00Z,0,37,37,0
2020-12-24T06:00:00Z,0,105,105,1
2020-12-24T07:00:00Z,0,72,72,1
2020-12-24T08:00:00Z,0,37,37,1
2020-12-24T09:00:00Z,0,117,117,1
2020-12-24T10:00:00Z,0,102,102,1
2020-12-24T11:00:00Z,0,109,109,1
2020-12-24T12:00:00Z,0,379,379,1
2020-12-24T13:00:00Z,0,306,306,1
2020-12-24T14:00:00Z,0,346,346,1
2020-12-24T15:00:00Z,0,294,294,1
2020-12-24T16:00:00Z,0,239,239,1
2020-12-24T17:00:00Z,76,0,76,1
2020-12-24T18:00:00Z,98,0,98,1
2020-12-24T19:00:00Z,60,0,60,1
2020-12-24T20:00:00Z,589,0,589,1
2020-12-24T21:00:00Z,503,0,503,1
2020-12-24T22:00:00Z,91,0,91,0
2020-12-24T23:00:00Z,97,0,97,0
2020-12-25T00:00:00Z,350,0,350,0
2020-12-25T01:00:00Z,1,257,258,0
2020-12-25T02:00:00Z,0,332,332,0
2020-12-25T03:00:00Z,0,632,632,0
2020-12-25T04:00:00Z,0,2347,2347,0
2020-12-25T05:00:00Z,0,871,871,0
2020-12-25T06:00:00Z,0,1078,1078,1
2020-12-25T07:00:00Z,0,1648,1648,1
2020-12-25T08:00:00Z,0,468,468,1
2020-12-25T09:00:00Z,0,419,419,1
2020-12-25T10:00:00Z,0,445,445,1
2020-12-25T11:00:00Z,0,335,335,1
2020-12-25T12:00:00Z,0,489,489,1
2020-12-25T13:00:00Z,0,1369,1369,1
2020-12-25T14:00:00Z,0,786,786,1
2020-12-25T15:00:00Z,0,285,285,1
2020-12-25T16:00:00Z,0,684,684,1
2020-12-25T17:00:00Z,96,1,97,1
2020-12-25T18:00:00Z,159,0,159,1
2020-12-25T19:00:00Z,85,0,85,1
2020-12-25T20:00:00Z,53,0,53,1
2020-12-25T21:00:00Z,130,0,130,1
2020-12-25T22:00:00Z,63,0,63,0
2020-12-25T23:00:00Z,52,0,52,0
2020-12-26T00:00:00Z,182,0,182,0
2020-12-26T01:00:00Z,97,0,97,0
2020-12-26T02:00:00Z,352,0,352,0
2020-12-26T03:00:00Z,1200,0,1200,0
2020-12-26T04:00:00Z,985,0,985,0
2020-12-26T05:00:00Z,776,0,776,0
2020-12-26T06:00:00Z,1363,0,1363,1
2020-12-26T07:00:00Z,636,0,636,1
2020-12-26T08:00:00Z,287,0,287,1
2020-12-26T09:00:00Z,913,0,913,1
2020-12-26T10:00:00Z,291,0,291,1
2020-12-26T11:00:00Z,326,0,326,1
2020-12-26T12:00:00Z,1487,0,1487,1
2020-12-26T13:00:00Z,847,0,847,1
2020-12-26T14:00:00Z,733,0,733,1
2020-12-26T15:00:00Z,544,0,544,1
2020-12-26T16:00:00Z,197,0,197,1
2020-12-26T17:00:00Z,521,0,521,1
2020-12-26T18:00:00Z,134,0,134,1
2020-12-26T19:00:00Z,62,0,62,1
2020-12-26T20:00:00Z,42,0,42,1
2020-12-26T21:00:00Z,127,0,127,1
2020-12-26T22:00:00Z,114,0,114,0
2020-12-26T23:00:00Z,41,0,41,0
2020-12-27T00:00:00Z,89,0,89,0
2020-12-27T01:00:00Z,183,0,183,0
2020-12-27T02:00:00Z,1325,0,1325,0
2020-12-27T03:00:00Z,1792,0,1792,0
2020-12-27T04:00:00Z,2193,0,2193,0
2020-12-27T05:00:00Z,1156,0,1156,0
2020-12-27T06:00:00Z,471,0,471,1
2020-12-27T07:00:00Z,2178,0,2178,1
2020-12-27T08:00:00Z,1754,0,1754,1
2020-12-27T09:00:00Z,3297,0,3297,1
2020-12-27T11:00:00Z,1655,0,1655,1
2020-12-27T12:00:00Z,455,0,455,1
2020-12-27T13:00:00Z,294,0,294,1
2020-12-27T14:00:00Z,398,0,398,1
2020-12-27T15:00:00Z,330,0,330,1
2020-12-27T16:00:00Z,226,0,226,1
2020-12-27T17:00:00Z,116,0,116,1
2020-12-27T18:00:00Z,124,0,124,1
2020-12-27T19:00:00Z,55,0,55,1
2020-12-27T20:00:00Z,525,0,525,1
2020-12-27T21:00:00Z,161,0,161,1
2020-12-27T22:00:00Z,478,0,478,0
2020-12-27T23:00:00Z,82,0,82,0
2020-12-28T00:00:00Z,160,0,160,0
2020-12-28T01:00:00Z,412,0,412,0
2020-12-28T02:00:00Z,1246,0,1246,0
2020-12-28T03:00:00Z,981,0,981,0
2020-12-28T04:00:00Z,703,0,703,0
2020-12-28T05:00:00Z,514,0,514,0
2020-12-28T06:00:00Z,323,0,323,1
2020-12-28T07:00:00Z,2912,0,2912,1
2020-12-28T08:00:00Z,497,0,497,1
2020-12-28T09:00:00Z,452,0,452,1
2020-12-28T10:00:00Z,284,0,284,1
2020-12-28T11:00:00Z,922,0,922,1
2020-12-28T12:00:00Z,863,0,863,1
2020-12-28T13:00:00Z,443,0,443,1
2020-12-28T14:00:00Z,335,0,335,1
2020-12-28T15:00:00Z,271,0,271,1
2020-12-28T16:00:00Z,1226,0,1226,1
2020-12-28T17:00:00Z,61,0,61,1
2020-12-28T18:00:00Z,93,0,93,1
2020-12-28T19:00:00Z,482,0,482,1
2020-12-28T20:00:00Z,136,0,136,1
2020-12-28T21:00:00Z,651,0,651,1
2020-12-28T22:00:00Z,300,0,300,0
2020-12-28T23:00:00Z,52,0,52,0
2020-12-29T00:00:00Z,267,0,267,0
2020-12-29T01:00:00Z,0,166,166,0
2020-12-29T02:00:00Z,0,98,98,0
2020-12-29T03:00:00Z,0,92,92,0
2020-12-29T04:00:00Z,0,87,87,0
2020-12-29T05:00:00Z,0,143,143,0
2020-12-29T06:00:00Z,0,125,125,1
2020-12-29T07:00:00Z,0,106,106,1
2020-12-29T08:00:00Z,0,169,169,1
2020-12-29T09:00:00Z,0,107,107,1
2020-12-29T10:00:00Z,0,232,232,1
2020-12-29T11:00:00Z,0,486,486,1
2020-12-29T12:00:00Z,0,998,998,1
2020-12-29T13:00:00Z,0,380,380,1
2020-12-29T14:00:00Z,0,398,398,1
2020-12-29T15:00:00Z,0,355,355,1
2020-12-29T16:00:00Z,0,303,303,1
2020-12-29T17:00:00Z,131,0,131,1
2020-12-29T18:00:00Z,52,0,52,1
2020-12-29T19:00:00Z,142,0,142,1
2020-12-29T20:00:00Z,545,0,545,1
2020-12-29T21:00:00Z,103,0,103,1
2020-12-29T22:00:00Z,577,0,577,0
2020-12-29T23:00:00Z,125,0,125,0
2020-12-30T00:00:00Z,88,0,88,0
2020-12-30T01:00:00Z,0,536,536,0
2020-12-30T02:00:00Z,0,371,371,0
2020-12-30T03:00:00Z,0,357,357,0
2020-12-30T04:00:00Z,0,499,499,0
2020-12-30T05:00:00Z,0,342,342,0
2020-12-30T06:00:00Z,0,402,402,1
2020-12-30T07:00:00Z,0,332,332,1
2020-12-30T08:00:00Z,0,521,521,1
2020-12-30T09:00:00Z,0,429,429,1
2020-12-30T10:00:00Z,0,494,494,1
2020-12-30T11:00:00Z,0,683,683,1
2020-12-30T12:00:00Z,0,823,823,1
2020-12-30T13:00:00Z,0,435,435,1
2020-12-30T14:00:00Z,0,858,858,1
2020-12-30T15:00:00Z,0,375,375,1
2020-12-30T16:00:00Z,0,271,271,1
2020-12-30T17:00:00Z,184,0,184,1
2020-12-30T18:00:00Z,59,0,59,1
2020-12-30T19:00:00Z,59,0,59,1
2020-12-30T20:00:00Z,135,0,135,1
2020-12-30T21:00:00Z,76,0,76,1
2020-12-30T22:00:00Z,43,0,43,0
2020-12-30T23:00:00Z,139,0,139,0
2020-12-31T00:00:00Z,241,0,241,0
2020-12-31T01:00:00Z,0,197,197,0
2020-12-31T02:00:00Z,0,205,205,0
2020-12-31T03:00:00Z,0,247,247,0
2020-12-31T04:00:00Z,0,85,85,0
2020-12-31T05:00:00Z,0,171,171,0
2020-12-31T06:00:00Z,0,289,289,1
2020-12-31T07:00:00Z,0,206,206,1
2020-12-31T08:00:00Z,0,101,101,1
2020-12-31T09:00:00Z,0,167,167,1
2020-12-31T10:00:00Z,0,205,205,1
2020-12-31T11:00:00Z,0,360,360,1
2020-12-31T12:00:00Z,0,486,486,1
2020-12-31T13:00:00Z,0,362,362,1
2020-12-31T14:00:00Z,0,340,340,1
2020-12-31T15:00:00Z,0,324,324,1
2020-12-31T16:00:00Z,0,220,220,1
2020-12-31T17:00:00Z,156,0,156,1
2020-12-31T18:00:00Z,61,0,61,1
2020-12-31T19:00:00Z,71,0,71,1
2020-12-31T20:00:00Z,632,0,632,1
2020-12-31T21:00:00Z,115,0,115,1
2020-12-31T22:00:00Z,510,0,510,0
2020-12-31T23:00:00Z,126,0,126,0
2021-01-01T00:00:00Z,159,0,159,0
2021-01-01T01:00:00Z,0,437,437,0
2021-01-01T02:00:00Z,0,406,406,0
2021-01-01T03:00:00Z,0,291,291,0
2021-01-01T04:00:00Z,0,330,330,0
2021-01-01T05:00:00Z,0,393,393,0
2021-01-01T06:00:00Z,0,994,994,1
2021-01-01T07:00:00Z,0,359,359,1
2021-01-01T08:00:00Z,0,657,657,1
2021-01-01T09:00:00Z,0,1003,1003,1
2021-01-01T10:00:00Z,0,993,993,1
2021-01-01T11:00:00Z,0,1749,1749,1
2021-01-01T12:00:00Z,0,562,562,1
2021-01-01T13:00:00Z,0,352,352,1
2021-01-01T14:00:00Z,0,283,283,1
2021-01-01T15:00:00Z,0,1186,1186,1
2021-01-01T16:00:00Z,0,233,233,1
2021-01-01T17:00:00Z,1524,1,1525,1
2021-01-01T18:00:00Z,244,0,244,1
2021-01-01T19:00:00Z,53,0,53,1
2021-01-01T20:00:00Z,107,0,107,1
2021-01-01T21:00:00Z,608,0,608,1
2021-01-01T22:00:00Z,97,0,97,0
2021-01-01T23:00:00Z,575,0,575,0
2021-01-02T00:00:00Z,178,0,178,0
2021-01-02T01:00:00Z,103,0,103,0
2021-01-02T02:00:00Z,365,0,365,0
2021-01-02T03:00:00Z,406,0,406,0
2021-01-02T04:00:00Z,695,0,695,0
2021-01-02T05:00:00Z,923,0,923,0
2021-01-02T06:00:00Z,639,0,639,1
2021-01-02T07:00:00Z,869,0,869,1
2021-01-02T08:00:00Z,1900,0,1900,1
2021-01-02T09:00:00Z,336,0,336,1
2021-01-02T10:00:00Z,209,0,209,1
2021-01-02T11:00:00Z,763,0,763,1
2021-01-02T12:00:00Z,345,0,345,1
2021-01-02T13:00:00Z,311,0,311,1
2021-01-02T14:00:00Z,332,0,332,1
2021-01-02T15:00:00Z,282,0,282,1
2021-01-02T16:00:00Z,230,0,230,1
2021-01-02T17:00:00Z,78,0,78,1
2021-01-02T18:00:00Z,111,0,111,1
2021-01-02T19:00:00Z,117,0,117,1
2021-01-02T20:00:00Z,487,0,487,1
2021-01-02T21:00:00Z,83,0,83,1
2021-01-02T22:00:00Z,566,0,566,0
2021-01-02T23:00:00Z,118,0,118,0
2021-01-03T00:00:00Z,92,0,92,0
2021-01-03T01:00:00Z,96,0,96,0
2021-01-03T02:00:00Z,405,0,405,0
2021-01-03T03:00:00Z,318,0,318,0
2021-01-03T04:00:00Z,275,0,275,0
2021-01-03T05:00:00Z,704,0,704,0
2021-01-03T06:00:00Z,205,0,205,1
2021-01-03T07:00:00Z,263,0,263,1
2021-01-03T08:00:00Z,412,0,412,1
2021-01-03T09:00:00Z,2348,0,2348,1
2021-01-03T10:00:00Z,523,0,523,1
2021-01-03T11:00:00Z,540,0,540,1
2021-01-03T12:00:00Z,790,0,790,1
2021-01-03T13:00:00Z,278,0,278,1
2021-01-03T14:00:00Z,301,0,301,1
2021-01-03T15:00:00Z,299,0,299,1
2021-01-03T16:00:00Z,624,0,624,1
2021-01-03T17:00:00Z,176,0,176,1
2021-01-03T18:00:00Z,83,0,83,1
2021-01-03T19:00:00Z,79,0,79,1
2021-01-03T20:00:00Z,498,0,498,1
2021-01-03T21:00:00Z,568,0,568,1
2021-01-03T22:00:00Z,89,0,89,0
2021-01-03T23:00:00Z,61,0,61,0
2021-01-04T00:00:00Z,152,0,152,0
2021-01-04T01:00:00Z,333,0,333,0
2021-01-04T02:00:00Z,1879,0,1879,0
2021-01-04T03:00:00Z,1172,0,1172,0
2021-01-04T04:00:00Z,942,0,942,0
2021-01-04T05:00:00Z,415,0,415,0
2021-01-04T06:00:00Z,341,0,341,1
2021-01-04T07:00:00Z,368,0,368,1
2021-01-04T08:00:00Z,800,0,800,1
2021-01-04T09:00:00Z,2256,0,2256,1
2021-01-04T10:00:00Z,1292,0,1292,1
2021-01-04T11:00:00Z,939,0,939,1
2021-01-04T12:00:00Z,384,0,384,1
2021-01-04T13:00:00Z,439,0,439,1
2021-01-04T14:00:00Z,952,0,952,1
2021-01-04T15:00:00Z,460,0,460,1
2021-01-04T16:00:00Z,769,0,769,1
2021-01-04T17:00:00Z,101,0,101,1
2021-01-04T18:00:00Z,46,0,46,1
2021-01-04T19:00:00Z,110,0,110,1
2021-01-04T20:00:00Z,112,0,112,1
2021-01-04T21:00:00Z,45,0,45,1
2021-01-04T22:00:00Z,51,0,51,0
2021-01-04T23:00:00Z,183,0,183,0
2021-01-05T00:00:00Z,168,0,168,0
2021-01-05T01:00:00Z,1,249,250,0
2021-01-05T02:00:00Z,0,90,90,0
2021-01-05T03:00:00Z,0,39,39,0
2021-01-05T04:00:00Z,0,76,76,0
2021-01-05T05:00:00Z,0,361,361,0
2021-01-05T06:00:00Z,0,593,593,1
2021-01-05T07:00:00Z,0,300,300,1
2021-01-05T08:00:00Z,0,433,433,1
2021-01-05T09:00:00Z,0,185,185,1
2021-01-05T10:00:00Z,0,1975,1975,1
2021-01-05T11:00:00Z,0,2099,2099,1
2021-01-05T12:00:00Z,0,393,393,1
2021-01-05T13:00:00Z,0,383,383,1
2021-01-05T14:00:00Z,0,284,284,1
2021-01-05T15:00:00Z,0,357,357,1
2021-01-05T16:00:00Z,0,251,251,1
2021-01-05T17:00:00Z,86,1,87,1
2021-01-05T18:00:00Z,140,0,140,1
2021-01-05T19:00:00Z,80,0,80,1
2021-01-05T20:00:00Z,536,0,536,1
2021-01-05T21:00:00Z,138,0,138,1
2021-01-05T22:00:00Z,593,0,593,0
2021-01-05T23:00:00Z,98,0,98,0
2021-01-06T00:00:00Z,104,0,104,0
2021-01-06T01:00:00Z,1,596,597,0
2021-01-06T02:00:00Z,0,333,333,0
2021-01-06T03:00:00Z,0,380,380,0
2021-01-06T04:00:00Z,0,326,326,0
2021-01-06T05:00:00Z,0,1084,1084,0
2021-01-06T06:00:00Z,0,434,434,1
2021-01-06T07:00:00Z,0,316,316,1
2021-01-06T08:00:00Z,0,305,305,1
2021-01-06T09:00:00Z,0,451,451,1
2021-01-06T10:00:00Z,0,1312,1312,1
2021-01-06T11:00:00Z,0,410,410,1
2021-01-06T12:00:00Z,0,291,291,1
2021-01-06T13:00:00Z,0,314,314,1
2021-01-06T14:00:00Z,0,304,304,1
2021-01-06T15:00:00Z,0,255,255,1
2021-01-06T16:00:00Z,0,235,235,1
2021-01-06T17:00:00Z,129,0,129,1
2021-01-06T18:00:00Z,70,0,70,1
2021-01-06T19:00:00Z,143,0,143,1
2021-01-06T20:00:00Z,551,0,551,1
2021-01-06T21:00:00Z,75,0,75,1
2021-01-06T22:00:00Z,616,0,616,0
2021-01-06T23:00:00Z,144,0,144,0
2021-01-07T00:00:00Z,108,0,108,0
2021-01-07T01:00:00Z,0,576,576,0
2021-01-07T02:00:00Z,0,355,355,0
2021-01-07T03:00:00Z,0,290,290,0
2021-01-07T04:00:00Z,0,304,304,0
2021-01-07T05:00:00Z,0,416,416,0
2021-01-07T06:00:00Z,0,326,326,1
2021-01-07T07:00:00Z,0,397,397,1
2021-01-07T08:00:00Z,0,309,309,1
2021-01-07T09:00:00Z,0,368,368,1
2021-01-07T10:00:00Z,0,176,176,1
2021-01-07T11:00:00Z,0,282,282,1
2021-01-07T12:00:00Z,0,340,340,1
2021-01-07T13:00:00Z,0,257,257,1
2021-01-07T14:00:00Z,0,315,315,1
2021-01-07T15:00:00Z,0,270,270,1
2021-01-07T16:00:00Z,0,216,216,1
2021-01-07T17:00:00Z,142,0,142,1
2021-01-07T18:00:00Z,45,0,45,1
2021-01-07T19:00:00Z,65,0,65,1
2021-01-07T20:00:00Z,134,0,134,1
2021-01-07T21:00:00Z,82,0,82,1
2021-01-07T22:00:00Z,73,0,73,0
2021-01-07T23:00:00Z,126,0,126,0
2021-01-08T00:00:00Z,259,0,259,0
2021-01-08T01:00:00Z,0,653,653,0
2021-01-08T02:00:00Z,0,156,156,0
2021-01-08T03:00:00Z,0,598,598,0
2021-01-08T04:00:00Z,0,52,52,0
2021-01-08T05:00:00Z,0,39,39,0
2021-01-08T06:00:00Z,0,78,78,1
2021-01-08T07:00:00Z,0,126,126,1
2021-01-08T08:00:00Z,0,85,85,1
2021-01-08T09:00:00Z,0,87,87,1
2021-01-08T10:00:00Z,0,90,90,1
2021-01-08T11:00:00Z,0,349,349,1
2021-01-08T12:00:00Z,0,620,620,1
2021-01-08T13:00:00Z,0,293,293,1
2021-01-08T14:00:00Z,0,343,343,1
2021-01-08T15:00:00Z,0,247,247,1
2021-01-08T16:00:00Z,0,265,265,1
2021-01-08T17:00:00Z,180,1,181,1
2021-01-08T18:00:00Z,72,0,72,1
2021-01-08T19:00:00Z,50,0,50,1
2021-01-08T20:00:00Z,540,0,540,1
2021-01-08T21:00:00Z,164,0,164,1
2021-01-08T22:00:00Z,565,0,565,0
2021-01-08T23:00:00Z,98,0,98,0
2021-01-09T00:00:00Z,194,0,194,0
2021-01-09T01:00:00Z,1,251,252,0
2021-01-09T02:00:00Z,0,41,41,0
2021-01-09T03:00:00Z,0,42,42,0
2021-01-09T04:00:00Z,0,149,149,0
2021-01-09T05:00:00Z,0,161,161,0
2021-01-09T06:00:00Z,0,82,82,1
2021-01-09T07:00:00Z,0,77,77,1
2021-01-09T08:00:00Z,0,78,78,1
2021-01-09T09:00:00Z,0,242,242,1
2021-01-09T10:00:00Z,0,185,185,1
2021-01-09T11:00:00Z,0,435,435,1
2021-01-09T12:00:00Z,0,1123,1123,1
2021-01-09T13:00:00Z,0,410,410,1
2021-01-09T14:00:00Z,0,264,264,1
2021-01-09T15:00:00Z,0,290,290,1
2021-01-09T16:00:00Z,0,223,223,1
2021-01-09T17:00:00Z,68,0,68,1
2021-01-09T18:00:00Z,44,0,44,1
2021-01-09T19:00:00Z,422,0,422,1
2021-01-09T20:00:00Z,298,0,298,1
2021-01-09T21:00:00Z,531,0,531,1
2021-01-09T22:00:00Z,44,0,44,0
2021-01-09T23:00:00Z,81,0,81,0
2021-01-10T00:00:00Z,367,0,367,0
2021-01-10T01:00:00Z,317,0,317,0
2021-01-10T02:00:00Z,381,0,381,0
2021-01-10T03:00:00Z,338,0,338,0
2021-01-10T04:00:00Z,873,0,873,0
2021-01-10T05:00:00Z,656,0,656,0
2021-01-10T06:00:00Z,1307,0,1307,1
2021-01-10T07:00:00Z,272,0,272,1
2021-01-10T08:00:00Z,2726,0,2726,1
2021-01-10T09:00:00Z,737,0,737,1
2021-01-10T10:00:00Z,308,0,308,1
2021-01-10T11:00:00Z,1764,0,1764,1
2021-01-10T12:00:00Z,1621,0,1621,1
2021-01-10T13:00:00Z,326,0,326,1
2021-01-10T14:00:00Z,503,0,503,1
2021-01-10T15:00:00Z,291,0,291,1
2021-01-10T16:00:00Z,812,0,812,1
2021-01-10T17:00:00Z,463,0,463,1
2021-01-10T18:00:00Z,46,0,46,1
2021-01-10T19:00:00Z,89,0,89,1
2021-01-10T20:00:00Z,631,0,631,1
2021-01-10T21:00:00Z,127,0,127,1
2021-01-10T22:00:00Z,584,0,584,0
2021-01-10T23:00:00Z,101,0,101,0
2021-01-11T00:00:00Z,186,0,186,0
2021-01-11T01:00:00Z,101,0,101,0
2021-01-11T02:00:00Z,284,0,284,0
2021-01-11T03:00:00Z,421,0,421,0
2021-01-11T04:00:00Z,2326,0,2326,0
2021-01-11T05:00:00Z,464,0,464,0
2021-01-11T06:00:00Z,557,0,557,1
2021-01-11T07:00:00Z,1012,0,1012,1
2021-01-11T08:00:00Z,1917,0,1917,1
2021-01-11T09:00:00Z,1869,0,1869,1
2021-01-11T10:00:00Z,666,0,666,1
2021-01-11T11:00:00Z,1537,0,1537,1
2021-01-11T12:00:00Z,561,0,561,1
2021-01-11T13:00:00Z,780,0,780,1
2021-01-11T14:00:00Z,1646,0,1646,1
2021-01-11T15:00:00Z,447,0,447,1
2021-01-11T16:00:00Z,1210,0,1210,1
2021-01-11T17:00:00Z,248,0,248,1
2021-01-11T18:00:00Z,83,0,83,1
2021-01-11T19:00:00Z,48,0,48,1
2021-01-11T20:00:00Z,95,0,95,1
2021-01-11T21:00:00Z,132,0,132,1
2021-01-11T22:00:00Z,98,0,98,0
2021-01-11T23:00:00Z,83,0,83,0
2021-01-12T00:00:00Z,239,0,239,0
2021-01-12T01:00:00Z,0,274,274,0
2021-01-12T02:00:00Z,0,43,43,0
2021-01-12T03:00:00Z,0,56,56,0
2021-01-12T04:00:00Z,0,130,130,0
2021-01-12T05:00:00Z,0,115,115,0
2021-01-12T06:00:00Z,0,213,213,1
2021-01-12T07:00:00Z,0,268,268,1
2021-01-12T08:00:00Z,0,290,290,1
2021-01-12T09:00:00Z,0,1124,1124,1
2021-01-12T10:00:00Z,0,717,717,1
2021-01-12T11:00:00Z,0,527,527,1
2021-01-12T12:00:00Z,0,906,906,1
2021-01-12T13:00:00Z,0,344,344,1
2021-01-12T14:00:00Z,0,311,311,1
2021-01-12T15:00:00Z,0,312,312,1
2021-01-12T16:00:00Z,0,286,286,1
2021-01-12T17:00:00Z,82,0,82,1
2021-01-12T18:00:00Z,49,0,49,1
2021-01-12T19:00:00Z,332,0,332,1
2021-01-12T20:00:00Z,740,0,740,1
2021-01-12T21:00:00Z,463,0,463,1
2021-01-12T22:00:00Z,79,0,79,0
2021-01-12T23:00:00Z,170,0,170,0
2021-01-13T00:00:00Z,235,0,235,0
2021-01-13T01:00:00Z,1,247,248,0
2021-01-13T02:00:00Z,0,108,108,0
2021-01-13T03:00:00Z,0,243,243,0
2021-01-13T04:00:00Z,0,387,387,0
2021-01-13T05:00:00Z,0,308,308,0
2021-01-13T06:00:00Z,0,485,485,1
2021-01-13T07:00:00Z,0,387,387,1
2021-01-13T08:00:00Z,0,309,309,1
2021-01-13T09:00:00Z,0,281,281,1
2021-01-13T10:00:00Z,0,399,399,1
2021-01-13T11:00:00Z,0,281,281,1
2021-01-13T12:00:00Z,0,339,339,1
2021-01-13T13:00:00Z,0,272,272,1
2021-01-13T14:00:00Z,0,440,440,1
2021-01-13T15:00:00Z,0,321,321,1
2021-01-13T16:00:00Z,0,290,290,1
2021-01-13T17:00:00Z,114,0,114,1
2021-01-13T18:00:00Z,50,0,50,1
2021-01-13T19:00:00Z,685,0,685,1
2021-01-13T20:00:00Z,492,0,492,1
2021-01-13T21:00:00Z,469,0,469,1
2021-01-13T22:00:00Z,47,0,47,0
2021-01-13T23:00:00Z,174,0,174,0
2021-01-14T00:00:00Z,134,0,134,0
2021-01-14T01:00:00Z,1,560,561,0
2021-01-14T02:00:00Z,0,394,394,0
2021-01-14T03:00:00Z,0,349,349,0
2021-01-14T04:00:00Z,0,423,423,0
2021-01-14T05:00:00Z,0,411,411,0
2021-01-14T06:00:00Z,0,407,407,1
2021-01-14T07:00:00Z,0,509,509,1
2021-01-14T08:00:00Z,0,575,575,1
2021-01-14T09:00:00Z,0,293,293,1
2021-01-14T10:00:00Z,0,229,229,1
2021-01-14T11:00:00Z,0,429,429,1
2021-01-14T12:00:00Z,0,543,543,1
2021-01-14T13:00:00Z,0,358,358,1
2021-01-14T14:00:00Z,0,298,298,1
2021-01-14T15:00:00Z,0,343,343,1
2021-01-14T16:00:00Z,0,162,162,1
2021-01-14T17:00:00Z,114,0,114,1
2021-01-14T18:00:00Z,120,0,120,1
2021-01-14T19:00:00Z,338,0,338,1
2021-01-14T20:00:00Z,719,0,719,1
2021-01-14T21:00:00Z,851,0,851,1
2021-01-14T22:00:00Z,108,0,108,0
2021-01-14T23:00:00Z,73,0,73,0
2021-01-15T00:00:00Z,206,0,206,0
2021-01-15T01:00:00Z,1,248,249,0
2021-01-15T02:00:00Z,0,85,85,0
2021-01-15T03:00:00Z,0,39,39,0
2021-01-15T04:00:00Z,0,49,49,0
2021-01-15T05:00:00Z,0,129,129,0
2021-01-15T06:00:00Z,0,378,378,1
2021-01-15T07:00:00Z,0,418,418,1
2021-01-15T08:00:00Z,0,326,326,1
2021-01-15T09:00:00Z,0,359,359,1
2021-01-15T10:00:00Z,0,1099,1099,1
2021-01-15T11:00:00Z,0,236,236,1
2021-01-15T12:00:00Z,0,1716,1716,1
2021-01-15T13:00:00Z,0,780,780,1
2021-01-15T14:00:00Z,0,1249,1249,1
2021-01-15T15:00:00Z,0,824,824,1
2021-01-15T16:00:00Z,0,309,309,1
2021-01-15T17:00:00Z,189,1,190,1
2021-01-15T18:00:00Z,137,0,137,1
2021-01-15T19:00:00Z,52,0,52,1
2021-01-15T20:00:00Z,45,0,45,1
2021-01-15T21:00:00Z,132,0,132,1
2021-01-15T22:00:00Z,117,0,117,0
2021-01-15T23:00:00Z,90,0,90,0
2021-01-16T00:00:00Z,90,0,90,0
2021-01-16T01:00:00Z,1,515,516,0
2021-01-16T02:00:00Z,0,739,739,0
2021-01-16T03:00:00Z,0,375,375,0
2021-01-16T04:00:00Z,0,183,183,0
2021-01-16T05:00:00Z,0,1948,1948,0
2021-01-16T06:00:00Z,0,353,353,1
2021-01-16T07:00:00Z,0,477,477,1
2021-01-16T08:00:00Z,0,406,406,1
2021-01-16T09:00:00Z,0,362,362,1
2021-01-16T10:00:00Z,0,970,970,1
2021-01-16T11:00:00Z,0,529,529,1
2021-01-16T12:00:00Z,0,1139,1139,1
2021-01-16T13:00:00Z,0,378,378,1
2021-01-16T14:00:00Z,0,469,469,1
2021-01-16T15:00:00Z,0,415,415,1
2021-01-16T16:00:00Z,0,1364,1364,1
2021-01-16T17:00:00Z,629,1,630,1
2021-01-16T18:00:00Z,100,0,100,1
2021-01-16T19:00:00Z,140,0,140,1
2021-01-16T20:00:00Z,570,0,570,1
2021-01-16T21:00:00Z,104,0,104,1
2021-01-16T22:00:00Z,586,0,586,0
2021-01-16T23:00:00Z,129,0,129,0
2021-01-17T00:00:00Z,274,0,274,0
2021-01-17T01:00:00Z,186,0,186,0
2021-01-17T02:00:00Z,413,0,413,0
2021-01-17T03:00:00Z,438,0,438,0
2021-01-17T04:00:00Z,787,0,787,0
2021-01-17T05:00:00Z,1862,0,1862,0
2021-01-17T06:00:00Z,2037,0,2037,1
2021-01-17T07:00:00Z,1006,0,1006,1
2021-01-17T08:00:00Z,2130,0,2130,1
2021-01-17T09:00:00Z,1502,0,1502,1
2021-01-17T10:00:00Z,728,0,728,1
2021-01-17T11:00:00Z,1520,0,1520,1
2021-01-17T12:00:00Z,341,0,341,1
2021-01-17T13:00:00Z,1195,0,1195,1
2021-01-17T14:00:00Z,730,0,730,1
2021-01-17T15:00:00Z,334,0,334,1
2021-01-17T16:00:00Z,211,0,211,1
2021-01-17T17:00:00Z,165,0,165,1
2021-01-17T18:00:00Z,109,0,109,1
2021-01-17T19:00:00Z,64,0,64,1
2021-01-17T20:00:00Z,106,0,106,1
2021-01-17T21:00:00Z,154,0,154,1
2021-01-17T22:00:00Z,61,0,61,0
2021-01-17T23:00:00Z,102,0,102,0
2021-01-18T00:00:00Z,382,0,382,0
2021-01-18T01:00:00Z,1098,0,1098,0
2021-01-18T02:00:00Z,838,0,838,0
2021-01-18T03:00:00Z,1091,0,1091,0
2021-01-18T04:00:00Z,1478,0,1478,0
2021-01-18T05:00:00Z,521,0,521,0
2021-01-18T06:00:00Z,2043,0,2043,1
2021-01-18T07:00:00Z,1492,0,1492,1
2021-01-18T08:00:00Z,2327,0,2327,1
2021-01-18T09:00:00Z,1014,0,1014,1
2021-01-18T10:00:00Z,1438,0,1438,1
2021-01-18T11:00:00Z,771,0,771,1
2021-01-18T12:00:00Z,504,0,504,1
2021-01-18T13:00:00Z,1707,0,1707,1
2021-01-18T14:00:00Z,572,0,572,1
2021-01-18T15:00:00Z,317,0,317,1
2021-01-18T16:00:00Z,130,0,130,1
2021-01-18T17:00:00Z,108,0,108,1
2021-01-18T18:00:00Z,132,0,132,1
2021-01-18T19:00:00Z,55,0,55,1
2021-01-18T20:00:00Z,78,0,78,1
2021-01-18T21:00:00Z,148,0,148,1
2021-01-18T22:00:00Z,113,0,113,0
2021-01-18T23:00:00Z,105,0,105,0
2021-01-19T00:00:00Z,250,0,250,0
2021-01-19T01:00:00Z,0,234,234,0
2021-01-19T02:00:00Z,0,40,40,0
2021-01-19T03:00:00Z,0,61,61,0
2021-01-19T04:00:00Z,0,127,127,0
2021-01-19T05:00:00Z,0,88,88,0
2021-01-19T06:00:00Z,0,38,38,1
2021-01-19T07:00:00Z,0,39,39,1
2021-01-19T08:00:00Z,0,91,91,1
2021-01-19T09:00:00Z,0,158,158,1
2021-01-19T10:00:00Z,0,105,105,1
2021-01-19T11:00:00Z,0,368,368,1
2021-01-19T12:00:00Z,0,351,351,1
2021-01-19T13:00:00Z,0,331,331,1
2021-01-19T14:00:00Z,0,391,391,1
2021-01-19T15:00:00Z,0,392,392,1
2021-01-19T16:00:00Z,0,169,169,1
2021-01-19T17:00:00Z,180,0,180,1
2021-01-19T18:00:00Z,73,0,73,1
2021-01-19T19:00:00Z,616,0,616,1
2021-01-19T20:00:00Z,475,0,475,1
2021-01-19T21:00:00Z,556,0,556,1
2021-01-19T22:00:00Z,64,0,64,0
2021-01-19T23:00:00Z,99,0,99,0
2021-01-20T00:00:00Z,296,0,296,0
2021-01-20T01:00:00Z,6,448,454,0
2021-01-20T02:00:00Z,0,306,306,0
2021-01-20T03:00:00Z,0,331,331,0
2021-01-20T04:00:00Z,0,388,388,0
2021-01-20T05:00:00Z,0,371,371,0
2021-01-20T06:00:00Z,0,72,72,1
2021-01-20T07:00:00Z,0,77,77,1
2021-01-20T08:00:00Z,0,121,121,1
2021-01-20T09:00:00Z,0,63,63,1
2021-01-20T10:00:00Z,0,104,104,1
2021-01-20T11:00:00Z,0,371,371,1
2021-01-20T12:00:00Z,0,1006,1006,1
2021-01-20T13:00:00Z,0,393,393,1
2021-01-20T14:00:00Z,0,371,371,1
2021-01-20T15:00:00Z,0,416,416,1
2021-01-20T16:00:00Z,0,209,209,1
2021-01-20T17:00:00Z,953,0,953,1
2021-01-20T18:00:00Z,569,0,569,1
2021-01-20T19:00:00Z,50,0,50,1
2021-01-20T20:00:00Z,60,0,60,1
2021-01-20T21:00:00Z,136,0,136,1
2021-01-20T22:00:00Z,59,0,59,0
2021-01-20T23:00:00Z,91,0,91,0
2021-01-21T00:00:00Z,301,0,301,0
2021-01-21T01:00:00Z,0,199,199,0
2021-01-21T02:00:00Z,0,77,77,0
2021-01-21T03:00:00Z,0,118,118,0
2021-01-21T04:00:00Z,0,39,39,0
2021-01-21T05:00:00Z,0,58,58,0
2021-01-21T06:00:00Z,0,129,129,1
2021-01-21T07:00:00Z,0,52,52,1
2021-01-21T08:00:00Z,0,38,38,1
2021-01-21T09:00:00Z,0,135,135,1
2021-01-21T10:00:00Z,0,128,128,1
2021-01-21T11:00:00Z,0,506,506,1
2021-01-21T12:00:00Z,0,541,541,1
2021-01-21T13:00:00Z,0,330,330,1
2021-01-21T14:00:00Z,0,292,292,1
2021-01-21T15:00:00Z,0,277,277,1
2021-01-21T16:00:00Z,0,158,158,1
2021-01-21T17:00:00Z,124,0,124,1
2021-01-21T18:00:00Z,44,0,44,1
2021-01-21T19:00:00Z,611,0,611,1
2021-01-21T20:00:00Z,458,0,458,1
2021-01-21T21:00:00Z,447,0,447,1
2021-01-21T22:00:00Z,128,0,128,0
2021-01-21T23:00:00Z,116,0,116,0
2021-01-22T00:00:00Z,89,0,89,0
2021-01-22T01:00:00Z,0,596,596,0
2021-01-22T02:00:00Z,0,227,227,0
2021-01-22T03:00:00Z,0,403,403,0
2021-01-22T04:00:00Z,0,350,350,0
2021-01-22T05:00:00Z,0,405,405,0
2021-01-22T06:00:00Z,0,380,380,1
2021-01-22T07:00:00Z,0,356,356,1
2021-01-22T08:00:00Z,0,435,435,1
2021-01-22T09:00:00Z,0,304,304,1
2021-01-22T10:00:00Z,0,162,162,1
2021-01-22T11:00:00Z,0,116,116,1
2021-01-22T12:00:00Z,0,1095,1095,1
2021-01-22T13:00:00Z,0,311,311,1
2021-01-22T14:00:00Z,0,233,233,1
2021-01-22T15:00:00Z,0,346,346,1
2021-01-22T16:00:00Z,0,206,206,1
2021-01-22T17:00:00Z,125,0,125,1
2021-01-22T18:00:00Z,121,0,121,1
2021-01-22T19:00:00Z,57,0,57,1
2021-01-22T20:00:00Z,1006,0,1006,1
2021-01-22T21:00:00Z,563,0,563,1
2021-01-22T22:00:00Z,48,0,48,0
2021-01-22T23:00:00Z,72,0,72,0
2021-01-23T00:00:00Z,160,0,160,0
2021-01-23T01:00:00Z,0,355,355,0
2021-01-23T02:00:00Z,0,405,405,0
2021-01-23T03:00:00Z,0,337,337,0
2021-01-23T04:00:00Z,0,72,72,0
2021-01-23T05:00:00Z,0,52,52,0
2021-01-23T06:00:00Z,0,157,157,1
2021-01-23T07:00:00Z,0,79,79,1
2021-01-23T08:00:00Z,0,64,64,1
2021-01-23T09:00:00Z,0,151,151,1
2021-01-23T10:00:00Z,0,533,533,1
2021-01-23T11:00:00Z,0,244,244,1
2021-01-23T12:00:00Z,0,647,647,1
2021-01-23T13:00:00Z,0,334,334,1
2021-01-23T14:00:00Z,0,318,318,1
2021-01-23T15:00:00Z,0,293,293,1
2021-01-23T16:00:00Z,0,191,191,1
2021-01-23T17:00:00Z,146,0,146,1
2021-01-23T18:00:00Z,59,0,59,1
2021-01-23T19:00:00Z,82,0,82,1
2021-01-23T20:00:00Z,130,0,130,1
2021-01-23T21:00:00Z,896,0,896,1
2021-01-23T22:00:00Z,512,0,512,0
2021-01-23T23:00:00Z,149,0,149,0
2021-01-24T00:00:00Z,119,0,119,0
2021-01-24T01:00:00Z,65,0,65,0
2021-01-24T02:00:00Z,252,0,252,0
2021-01-24T03:00:00Z,812,0,812,0
2021-01-24T04:00:00Z,1910,0,1910,0
2021-01-24T05:00:00Z,1019,0,1019,0
2021-01-24T06:00:00Z,1646,0,1646,1
2021-01-24T07:00:00Z,310,0,310,1
2021-01-24T08:00:00Z,325,0,325,1
2021-01-24T09:00:00Z,794,0,794,1
2021-01-24T10:00:00Z,372,0,372,1
2021-01-24T11:00:00Z,343,0,343,1
2021-01-24T12:00:00Z,1280,0,1280,1
2021-01-24T13:00:00Z,1207,0,1207,1
2021-01-24T18:00:00Z,57,0,57,1
2021-01-24T19:00:00Z,111,0,111,1
2021-01-24T20:00:00Z,296,0,296,1
2021-01-24T21:00:00Z,48,0,48,1
2021-01-24T22:00:00Z,79,0,79,0
2021-01-24T23:00:00Z,168,0,168,0
2021-01-25T00:00:00Z,383,0,383,0
2021-01-25T01:00:00Z,948,0,948,0
2021-01-25T02:00:00Z,2268,0,2268,0
2021-01-25T03:00:00Z,414,0,414,0
2021-01-25T04:00:00Z,498,0,498,0
2021-01-25T05:00:00Z,1764,0,1764,0
2021-01-25T06:00:00Z,711,0,711,1
2021-01-25T07:00:00Z,357,0,357,1
2021-01-25T08:00:00Z,424,0,424,1
2021-01-25T09:00:00Z,1128,0,1128,1
2021-01-25T10:00:00Z,362,0,362,1
2021-01-25T11:00:00Z,447,0,447,1
2021-01-25T12:00:00Z,334,0,334,1
2021-01-25T13:00:00Z,270,0,270,1
2021-01-25T14:00:00Z,329,0,329,1
2021-01-25T15:00:00Z,1178,0,1178,1
2021-01-25T16:00:00Z,223,0,223,1
2021-01-25T17:00:00Z,134,0,134,1
2021-01-25T18:00:00Z,58,0,58,1
2021-01-25T19:00:00Z,49,0,49,1
2021-01-25T20:00:00Z,948,0,948,1
2021-01-25T21:00:00Z,570,0,570,1
2021-01-25T22:00:00Z,70,0,70,0
2021-01-25T23:00:00Z,67,0,67,0
2021-01-26T00:00:00Z,216,0,216,0
2021-01-26T01:00:00Z,1,215,216,0
2021-01-26T02:00:00Z,0,39,39,0
2021-01-26T03:00:00Z,0,39,39,0
2021-01-26T04:00:00Z,0,101,101,0
2021-01-26T05:00:00Z,0,125,125,0
2021-01-26T06:00:00Z,0,46,46,1
2021-01-26T07:00:00Z,0,40,40,1
2021-01-26T08:00:00Z,0,73,73,1
2021-01-26T09:00:00Z,0,259,259,1
2021-01-26T10:00:00Z,0,239,239,1
2021-01-26T11:00:00Z,0,317,317,1
2021-01-26T12:00:00Z,0,1343,1343,1
2021-01-26T13:00:00Z,0,358,358,1
2021-01-26T14:00:00Z,0,337,337,1
2021-01-26T15:00:00Z,0,340,340,1
2021-01-26T16:00:00Z,0,211,211,1
2021-01-26T17:00:00Z,84,1,85,1
2021-01-26T18:00:00Z,142,0,142,1
2021-01-26T19:00:00Z,112,0,112,1
2021-01-26T20:00:00Z,71,0,71,1
2021-01-26T21:00:00Z,1024,0,1024,1
2021-01-26T22:00:00Z,601,0,601,0
2021-01-26T23:00:00Z,83,0,83,0
2021-01-27T00:00:00Z,216,0,216,0
2021-01-27T01:00:00Z,1,247,248,0
2021-01-27T02:00:00Z,0,145,145,0
2021-01-27T03:00:00Z,0,218,218,0
2021-01-27T04:00:00Z,0,359,359,0
2021-01-27T05:00:00Z,0,179,179,0
2021-01-27T06:00:00Z,0,157,157,1
2021-01-27T07:00:00Z,0,303,303,1
2021-01-27T08:00:00Z,0,115,115,1
2021-01-27T09:00:00Z,0,157,157,1
2021-01-27T10:00:00Z,0,243,243,1
2021-01-27T11:00:00Z,0,458,458,1
2021-01-27T12:00:00Z,0,796,796,1
2021-01-27T13:00:00Z,0,406,406,1
2021-01-27T14:00:00Z,0,386,386,1
2021-01-27T15:00:00Z,0,336,336,1
2021-01-27T16:00:00Z,0,225,225,1
2021-01-27T17:00:00Z,121,1,122,1
2021-01-27T18:00:00Z,113,0,113,1
2021-01-27T19:00:00Z,55,0,55,1
2021-01-27T20:00:00Z,219,0,219,1
2021-01-27T21:00:00Z,980,0,980,1
2021-01-27T22:00:00Z,510,0,510,0
2021-01-27T23:00:00Z,79,0,79,0
2021-01-28T00:00:00Z,246,0,246,0
2021-01-28T01:00:00Z,1,246,247,0
2021-01-28T02:00:00Z,0,175,175,0
2021-01-28T03:00:00Z,0,331,331,0
2021-01-28T04:00:00Z,0,157,157,0
2021-01-28T05:00:00Z,0,127,127,0
2021-01-28T06:00:00Z,0,153,153,1
2021-01-28T07:00:00Z,0,184,184,1
2021-01-28T08:00:00Z,0,123,123,1
2021-01-28T09:00:00Z,0,175,175,1
2021-01-28T10:00:00Z,0,559,559,1
2021-01-28T11:00:00Z,0,526,526,1
2021-01-28T12:00:00Z,0,445,445,1
2021-01-28T13:00:00Z,0,340,340,1
2021-01-28T14:00:00Z,0,421,421,1
2021-01-28T15:00:00Z,0,276,276,1
2021-01-28T16:00:00Z,0,270,270,1
2021-01-28T17:00:00Z,158,0,158,1
2021-01-28T18:00:00Z,66,0,66,1
2021-01-28T19:00:00Z,124,0,124,1
2021-01-28T20:00:00Z,174,0,174,1
2021-01-28T21:00:00Z,891,0,891,1
2021-01-28T22:00:00Z,788,0,788,0
2021-01-28T23:00:00Z,159,0,159,0
2021-01-29T00:00:00Z,194,0,194,0
2021-01-29T01:00:00Z,1,184,185,0
2021-01-29T02:00:00Z,0,233,233,0
2021-01-29T03:00:00Z,0,306,306,0
2021-01-29T04:00:00Z,0,123,123,0
2021-01-29T05:00:00Z,0,222,222,0
2021-01-29T06:00:00Z,0,127,127,1
2021-01-29T07:00:00Z,0,134,134,1
2021-01-29T08:00:00Z,0,280,280,1
2021-01-29T09:00:00Z,0,98,98,1
2021-01-29T10:00:00Z,0,220,220,1
2021-01-29T11:00:00Z,0,761,761,1
2021-01-29T12:00:00Z,0,621,621,1
2021-01-29T13:00:00Z,0,464,464,1
2021-01-29T14:00:00Z,0,409,409,1
2021-01-29T15:00:00Z,0,379,379,1
2021-01-29T16:00:00Z,0,246,246,1
2021-01-29T17:00:00Z,240,1,241,1
2021-01-29T18:00:00Z,121,0,121,1
2021-01-29T19:00:00Z,99,0,99,1
2021-01-29T20:00:00Z,137,0,137,1
2021-01-29T21:00:00Z,843,0,843,1
2021-01-29T22:00:00Z,591,0,591,0
2021-01-29T23:00:00Z,158,0,158,0
2021-01-30T00:00:00Z,84,0,84,0
2021-01-30T01:00:00Z,0,232,232,0
2021-01-30T02:00:00Z,0,1049,1049,0
2021-01-30T03:00:00Z,0,357,357,0
2021-01-30T04:00:00Z,0,509,509,0
2021-01-30T05:00:00Z,0,609,609,0
2021-01-30T06:00:00Z,0,1860,1860,1
2021-01-30T07:00:00Z,0,369,369,1
2021-01-30T08:00:00Z,0,594,594,1
2021-01-30T09:00:00Z,0,231,231,1
2021-01-30T10:00:00Z,0,766,766,1
2021-01-30T11:00:00Z,0,476,476,1
2021-01-30T12:00:00Z,0,327,327,1
2021-01-30T13:00:00Z,0,401,401,1
2021-01-30T14:00:00Z,0,344,344,1
2021-01-30T15:00:00Z,0,385,385,1
2021-01-30T16:00:00Z,0,446,446,1
2021-01-30T17:00:00Z,636,8,644,1
2021-01-30T18:00:00Z,135,0,135,1
2021-01-30T19:00:00Z,59,0,59,1
2021-01-30T20:00:00Z,145,0,145,1
2021-01-30T21:00:00Z,939,0,939,1
2021-01-30T22:00:00Z,461,0,461,0
2021-01-30T23:00:00Z,93,0,93,0
2021-01-31T00:00:00Z,169,0,169,0
2021-01-31T01:00:00Z,83,0,83,0
2021-01-31T02:00:00Z,411,0,411,0
2021-01-31T03:00:00Z,1807,0,1807,0
2021-01-31T04:00:00Z,620,0,620,0
2021-01-31T05:00:00Z,2358,0,2358,0
2021-01-31T06:00:00Z,1279,0,1279,1
2021-01-31T07:00:00Z,1864,0,1864,1
2021-01-31T08:00:00Z,540,0,540,1
2021-01-31T09:00:00Z,1054,0,1054,1
2021-01-31T10:00:00Z,437,0,437,1
2021-01-31T11:00:00Z,292,0,292,1
2021-01-31T12:00:00Z,533,0,533,1
2021-01-31T13:00:00Z,2355,0,2355,1
2021-01-31T14:00:00Z,995,0,995,1
2021-01-31T15:00:00Z,704,0,704,1
2021-01-31T16:00:00Z,195,0,195,1
2021-01-31T17:00:00Z,253,0,253,1
2021-01-31T18:00:00Z,127,0,127,1
2021-01-31T19:00:00Z,111,0,111,1
2021-01-31T20:00:00Z,142,0,142,1
2021-01-31T21:00:00Z,874,0,874,1
2021-01-31T22:00:00Z,493,0,493,0
2021-01-31T23:00:00Z,115,0,115,0
2021-02-01T00:00:00Z,179,0,179,0
2021-02-01T01:00:00Z,109,0,109,0
2021-02-01T02:00:00Z,1179,0,1179,0
2021-02-01T03:00:00Z,499,0,499,0
2021-02-01T04:00:00Z,404,0,404,0
2021-02-01T05:00:00Z,1104,0,1104,0
2021-02-01T06:00:00Z,1080,0,1080,1
2021-02-01T07:00:00Z,1053,0,1053,1
2021-02-01T08:00:00Z,384,0,384,1
2021-02-01T09:00:00Z,437,0,437,1
2021-02-01T10:00:00Z,212,0,212,1
2021-02-01T11:00:00Z,3309,0,3309,1
2021-02-01T12:00:00Z,1129,0,1129,1
2021-02-01T13:00:00Z,387,0,387,1
2021-02-01T14:00:00Z,348,0,348,1
2021-02-01T15:00:00Z,195,0,195,1
2021-02-01T16:00:00Z,183,0,183,1
2021-02-01T17:00:00Z,92,0,92,1
2021-02-01T18:00:00Z,49,0,49,1
2021-02-01T19:00:00Z,122,0,122,1
2021-02-01T20:00:00Z,862,0,862,1
2021-02-01T21:00:00Z,544,0,544,1
2021-02-01T22:00:00Z,326,0,326,0
2021-02-01T23:00:00Z,186,0,186,0
2021-02-02T00:00:00Z,188,0,188,0
2021-02-02T01:00:00Z,0,185,185,0
2021-02-02T02:00:00Z,0,130,130,0
2021-02-02T03:00:00Z,0,58,58,0
2021-02-02T04:00:00Z,0,39,39,0
2021-02-02T05:00:00Z,0,93,93,0
2021-02-02T06:00:00Z,0,124,124,1
2021-02-02T07:00:00Z,0,54,54,1
2021-02-02T08:00:00Z,0,64,64,1
2021-02-02T09:00:00Z,0,85,85,1
2021-02-02T10:00:00Z,0,179,179,1
2021-02-02T11:00:00Z,0,1106,1106,1
2021-02-02T12:00:00Z,0,2448,2448,1
2021-02-02T13:00:00Z,0,421,421,1
2021-02-02T14:00:00Z,0,1269,1269,1
2021-02-02T15:00:00Z,0,578,578,1
2021-02-02T16:00:00Z,0,189,189,1
2021-02-02T17:00:00Z,46,0,46,1
2021-02-02T18:00:00Z,53,0,53,1
2021-02-02T19:00:00Z,137,0,137,1
2021-02-02T20:00:00Z,664,0,664,1
2021-02-02T21:00:00Z,497,0,497,1
2021-02-02T22:00:00Z,457,0,457,0
2021-02-02T23:00:00Z,105,0,105,0
2021-02-03T00:00:00Z,267,0,267,0
2021-02-03T01:00:00Z,0,170,170,0
2021-02-03T02:00:00Z,0,41,41,0
2021-02-03T03:00:00Z,0,106,106,0
2021-02-03T04:00:00Z,0,124,124,0
2021-02-03T05:00:00Z,0,55,55,0
2021-02-03T06:00:00Z,0,38,38,1
2021-02-03T07:00:00Z,0,39,39,1
2021-02-03T08:00:00Z,0,87,87,1
2021-02-03T09:00:00Z,0,140,140,1
2021-02-03T10:00:00Z,0,125,125,1
2021-02-03T11:00:00Z,0,915,915,1
2021-02-03T12:00:00Z,0,759,759,1
2021-02-03T13:00:00Z,0,348,348,1
2021-02-03T14:00:00Z,0,241,241,1
2021-02-03T15:00:00Z,0,221,221,1
2021-02-03T16:00:00Z,0,789,789,1
2021-02-03T17:00:00Z,57,0,57,1
2021-02-03T18:00:00Z,48,0,48,1
2021-02-03T19:00:00Z,142,0,142,1
2021-02-03T20:00:00Z,353,0,353,1
2021-02-03T21:00:00Z,702,0,702,1
2021-02-03T22:00:00Z,518,0,518,0
2021-02-03T23:00:00Z,171,0,171,0
2021-02-04T00:00:00Z,191,0,191,0
2021-02-04T01:00:00Z,0,195,195,0
2021-02-04T02:00:00Z,0,125,125,0
2021-02-04T03:00:00Z,0,39,39,0
2021-02-04T04:00:00Z,0,53,53,0
2021-02-04T05:00:00Z,0,128,128,0
2021-02-04T06:00:00Z,0,66,66,1
2021-02-04T07:00:00Z,0,38,38,1
2021-02-04T08:00:00Z,0,96,96,1
2021-02-04T09:00:00Z,0,148,148,1
2021-02-04T10:00:00Z,0,78,78,1
2021-02-04T11:00:00Z,0,1177,1177,1
2021-02-04T12:00:00Z,0,495,495,1
2021-02-04T13:00:00Z,0,296,296,1
2021-02-04T14:00:00Z,0,290,290,1
2021-02-04T15:00:00Z,0,189,189,1
2021-02-04T16:00:00Z,0,252,252,1
2021-02-04T17:00:00Z,61,1,62,1
2021-02-04T18:00:00Z,84,0,84,1
2021-02-04T19:00:00Z,120,0,120,1
2021-02-04T20:00:00Z,321,0,321,1
2021-02-04T21:00:00Z,683,0,683,1
2021-02-04T22:00:00Z,537,0,537,0
2021-02-04T23:00:00Z,82,0,82,0
2021-02-05T00:00:00Z,275,0,275,0
2021-02-05T01:00:00Z,0,213,213,0
2021-02-05T02:00:00Z,0,40,40,0
2021-02-05T03:00:00Z,0,113,113,0
2021-02-05T04:00:00Z,0,95,95,0
2021-02-05T05:00:00Z,0,42,42,0
2021-02-05T06:00:00Z,0,80,80,1
2021-02-05T07:00:00Z,0,131,131,1
2021-02-05T08:00:00Z,0,43,43,1
2021-02-05T09:00:00Z,0,42,42,1
2021-02-05T10:00:00Z,0,170,170,1
2021-02-05T11:00:00Z,0,371,371,1
2021-02-05T12:00:00Z,0,498,498,1
2021-02-05T13:00:00Z,0,388,388,1
2021-02-05T14:00:00Z,0,278,278,1
2021-02-05T15:00:00Z,0,268,268,1
2021-02-05T16:00:00Z,0,230,230,1
2021-02-05T17:00:00Z,62,0,62,1
2021-02-05T18:00:00Z,125,0,125,1
2021-02-05T19:00:00Z,89,0,89,1
2021-02-05T20:00:00Z,154,0,154,1
2021-02-05T21:00:00Z,840,0,840,1
2021-02-05T22:00:00Z,513,0,513,0
2021-02-05T23:00:00Z,72,0,72,0
2021-02-06T00:00:00Z,104,0,104,0
2021-02-06T01:00:00Z,1,456,457,0
2021-02-06T02:00:00Z,0,332,332,0
2021-02-06T03:00:00Z,0,285,285,0
2021-02-06T04:00:00Z,0,379,379,0
2021-02-06T05:00:00Z,0,310,310,0
2021-02-06T06:00:00Z,0,1144,1144,1
2021-02-06T07:00:00Z,0,408,408,1
2021-02-06T08:00:00Z,0,368,368,1
2021-02-06T09:00:00Z,0,174,174,1
2021-02-06T10:00:00Z,0,230,230,1
2021-02-06T11:00:00Z,0,1233,1233,1
2021-02-06T12:00:00Z,0,352,352,1
2021-02-06T13:00:00Z,0,336,336,1
2021-02-06T14:00:00Z,0,301,301,1
2021-02-06T15:00:00Z,0,293,293,1
2021-02-06T16:00:00Z,0,182,182,1
2021-02-06T17:00:00Z,131,0,131,1
2021-02-06T18:00:00Z,44,0,44,1
2021-02-06T19:00:00Z,120,0,120,1
2021-02-06T20:00:00Z,367,0,367,1
2021-02-06T21:00:00Z,60,0,60,1
2021-02-06T22:00:00Z,128,0,128,0
2021-02-06T23:00:00Z,86,0,86,0
2021-02-07T00:00:00Z,93,0,93,0
2021-02-07T01:00:00Z,1093,0,1093,0
2021-02-07T02:00:00Z,1064,0,1064,0
2021-02-07T03:00:00Z,617,0,617,0
2021-02-07T04:00:00Z,596,0,596,0
2021-02-07T05:00:00Z,97,0,97,0
2021-02-07T06:00:00Z,2541,0,2541,1
2021-02-07T07:00:00Z,1705,0,1705,1
2021-02-07T08:00:00Z,623,0,623,1
2021-02-07T09:00:00Z,1851,0,1851,1
2021-02-07T10:00:00Z,1138,0,1138,1
2021-02-07T11:00:00Z,344,0,344,1
2021-02-07T12:00:00Z,1437,0,1437,1
2021-02-07T13:00:00Z,306,0,306,1
2021-02-07T14:00:00Z,302,0,302,1
2021-02-07T15:00:00Z,232,0,232,1
2021-02-07T16:00:00Z,168,0,168,1
2021-02-07T17:00:00Z,134,0,134,1
2021-02-07T18:00:00Z,47,0,47,1
2021-02-07T19:00:00Z,89,0,89,1
2021-02-07T20:00:00Z,335,0,335,1
2021-02-07T21:00:00Z,61,0,61,1
2021-02-07T22:00:00Z,47,0,47,0
2021-02-07T23:00:00Z,134,0,134,0
2021-02-08T00:00:00Z,162,0,162,0
2021-02-08T01:00:00Z,885,0,885,0
2021-02-08T02:00:00Z,1028,0,1028,0
2021-02-08T03:00:00Z,830,0,830,0
2021-02-08T04:00:00Z,389,0,389,0
2021-02-08T05:00:00Z,384,0,384,0
2021-02-08T06:00:00Z,1297,0,1297,1
2021-02-08T07:00:00Z,744,0,744,1
2021-02-08T08:00:00Z,314,0,314,1
2021-02-08T09:00:00Z,304,0,304,1
2021-02-08T10:00:00Z,1618,0,1618,1
2021-02-08T11:00:00Z,1370,0,1370,1
2021-02-08T12:00:00Z,1146,0,1146,1
2021-02-08T13:00:00Z,320,0,320,1
2021-02-08T14:00:00Z,346,0,346,1
2021-02-08T15:00:00Z,247,0,247,1
2021-02-08T16:00:00Z,282,0,282,1
2021-02-08T17:00:00Z,116,0,116,1
2021-02-08T18:00:00Z,44,0,44,1
2021-02-08T19:00:00Z,130,0,130,1
2021-02-08T20:00:00Z,114,0,114,1
2021-02-08T21:00:00Z,667,0,667,1
2021-02-08T22:00:00Z,487,0,487,0
2021-02-08T23:00:00Z,472,0,472,0
2021-02-09T00:00:00Z,170,0,170,0
2021-02-09T01:00:00Z,1,430,431,0
2021-02-09T02:00:00Z,0,282,282,0
2021-02-09T03:00:00Z,0,447,447,0
2021-02-09T04:00:00Z,0,344,344,0
2021-02-09T05:00:00Z,0,466,466,0
2021-02-09T06:00:00Z,0,600,600,1
2021-02-09T07:00:00Z,0,493,493,1
2021-02-09T08:00:00Z,0,281,281,1
2021-02-09T09:00:00Z,0,426,426,1
2021-02-09T10:00:00Z,0,247,247,1
2021-02-09T11:00:00Z,0,426,426,1
2021-02-09T12:00:00Z,0,1023,1023,1
2021-02-09T13:00:00Z,0,310,310,1
2021-02-09T14:00:00Z,0,256,256,1
2021-02-09T15:00:00Z,0,295,295,1
2021-02-09T16:00:00Z,0,173,173,1
2021-02-09T17:00:00Z,47,0,47,1
2021-02-09T18:00:00Z,132,0,132,1
2021-02-09T19:00:00Z,129,0,129,1
2021-02-09T20:00:00Z,209,0,209,1
2021-02-09T21:00:00Z,840,0,840,1
2021-02-09T22:00:00Z,544,0,544,0
2021-02-09T23:00:00Z,176,0,176,0
2021-02-10T00:00:00Z,183,0,183,0
2021-02-10T01:00:00Z,8,363,371,0
2021-02-10T02:00:00Z,0,296,296,0
2021-02-10T03:00:00Z,0,481,481,0
2021-02-10T04:00:00Z,0,333,333,0
2021-02-10T05:00:00Z,0,340,340,0
2021-02-10T06:00:00Z,0,563,563,1
2021-02-10T07:00:00Z,0,348,348,1
2021-02-10T08:00:00Z,0,370,370,1
2021-02-10T09:00:00Z,0,343,343,1
2021-02-10T10:00:00Z,0,113,113,1
2021-02-10T11:00:00Z,0,303,303,1
2021-02-10T12:00:00Z,0,715,715,1
2021-02-10T13:00:00Z,0,311,311,1
2021-02-10T14:00:00Z,0,335,335,1
2021-02-10T15:00:00Z,0,282,282,1
2021-02-10T16:00:00Z,0,137,137,1
2021-02-10T17:00:00Z,126,0,126,1
2021-02-10T18:00:00Z,129,0,129,1
2021-02-10T19:00:00Z,49,0,49,1
2021-02-10T20:00:00Z,589,0,589,1
2021-02-10T21:00:00Z,544,0,544,1
2021-02-10T22:00:00Z,540,0,540,0
2021-02-10T23:00:00Z,86,0,86,0
2021-02-11T00:00:00Z,295,0,295,0
2021-02-11T01:00:00Z,0,231,231,0
2021-02-11T02:00:00Z,0,41,41,0
2021-02-11T03:00:00Z,0,65,65,0
2021-02-11T04:00:00Z,0,126,126,0
2021-02-11T05:00:00Z,0,74,74,0
2021-02-11T06:00:00Z,0,39,39,1
2021-02-11T07:00:00Z,0,38,38,1
2021-02-11T08:00:00Z,0,142,142,1
2021-02-11T09:00:00Z,0,136,136,1
2021-02-11T10:00:00Z,0,85,85,1
2021-02-11T11:00:00Z,0,323,323,1
2021-02-11T12:00:00Z,0,404,404,1
2021-02-11T13:00:00Z,0,315,315,1
2021-02-11T14:00:00Z,0,327,327,1
2021-02-11T15:00:00Z,0,287,287,1
2021-02-11T16:00:00Z,0,141,141,1
2021-02-11T17:00:00Z,47,0,47,1
2021-02-11T18:00:00Z,106,0,106,1
2021-02-11T19:00:00Z,135,0,135,1
2021-02-11T20:00:00Z,398,0,398,1
2021-02-11T21:00:00Z,605,0,605,1
2021-02-11T22:00:00Z,745,0,745,0
2021-02-11T23:00:00Z,115,0,115,0
2021-02-12T00:00:00Z,176,0,176,0
2021-02-12T01:00:00Z,0,569,569,0
2021-02-12T02:00:00Z,0,409,409,0
2021-02-12T03:00:00Z,0,454,454,0
2021-02-12T04:00:00Z,0,543,543,0
2021-02-12T05:00:00Z,0,480,480,0
2021-02-12T06:00:00Z,0,328,328,1
2021-02-12T07:00:00Z,0,338,338,1
2021-02-12T08:00:00Z,0,373,373,1
2021-02-12T09:00:00Z,0,236,236,1
2021-02-12T10:00:00Z,0,334,334,1
2021-02-12T11:00:00Z,0,339,339,1
2021-02-12T12:00:00Z,0,734,734,1
2021-02-12T13:00:00Z,0,299,299,1
2021-02-12T14:00:00Z,0,371,371,1
2021-02-12T15:00:00Z,0,193,193,1
2021-02-12T16:00:00Z,0,168,168,1
2021-02-12T17:00:00Z,174,0,174,1
2021-02-12T18:00:00Z,90,0,90,1
2021-02-12T19:00:00Z,51,0,51,1
2021-02-12T20:00:00Z,46,0,46,1
2021-02-12T21:00:00Z,997,0,997,1
2021-02-12T22:00:00Z,594,0,594,0
2021-02-12T23:00:00Z,137,0,137,0
2021-02-13T00:00:00Z,85,0,85,0
2021-02-13T01:00:00Z,0,207,207,0
2021-02-13T02:00:00Z,0,582,582,0
2021-02-13T03:00:00Z,0,269,269,0
2021-02-13T04:00:00Z,0,296,296,0
2021-02-13T05:00:00Z,0,436,436,0
2021-02-13T06:00:00Z,0,474,474,1
2021-02-13T07:00:00Z,0,461,461,1
2021-02-13T08:00:00Z,0,402,402,1
2021-02-13T09:00:00Z,0,718,718,1
2021-02-13T10:00:00Z,0,333,333,1
2021-02-13T11:00:00Z,0,388,388,1
2021-02-13T12:00:00Z,0,346,346,1
2021-02-13T13:00:00Z,0,357,357,1
2021-02-13T14:00:00Z,0,294,294,1
2021-02-13T15:00:00Z,0,310,310,1
2021-02-13T16:00:00Z,0,182,182,1
2021-02-13T17:00:00Z,58,0,58,1
2021-02-13T18:00:00Z,131,0,131,1
2021-02-13T19:00:00Z,93,0,93,1
2021-02-13T20:00:00Z,585,0,585,1
2021-02-13T21:00:00Z,442,0,442,1
2021-02-13T22:00:00Z,542,0,542,0
2021-02-13T23:00:00Z,172,0,172,0
2021-02-14T00:00:00Z,86,0,86,0
2021-02-14T01:00:00Z,267,0,267,0
2021-02-14T02:00:00Z,579,0,579,0
2021-02-14T03:00:00Z,548,0,548,0
2021-02-14T04:00:00Z,571,0,571,0
2021-02-14T05:00:00Z,2680,0,2680,0
2021-02-14T06:00:00Z,600,0,600,1
2021-02-14T07:00:00Z,335,0,335,1
2021-02-14T08:00:00Z,2063,0,2063,1
2021-02-14T09:00:00Z,485,0,485,1
2021-02-14T10:00:00Z,1361,0,1361,1
2021-02-14T11:00:00Z,1805,0,1805,1
2021-02-14T12:00:00Z,760,0,760,1
2021-02-14T13:00:00Z,369,0,369,1
2021-02-14T14:00:00Z,1642,0,1642,1
2021-02-14T15:00:00Z,267,0,267,1
2021-02-14T16:00:00Z,141,0,141,1
2021-02-14T17:00:00Z,108,0,108,1
2021-02-14T18:00:00Z,128,0,128,1
2021-02-14T19:00:00Z,52,0,52,1
2021-02-14T20:00:00Z,574,0,574,1
2021-02-14T21:00:00Z,481,0,481,1
2021-02-14T22:00:00Z,588,0,588,0
2021-02-14T23:00:00Z,113,0,113,0
2021-02-15T00:00:00Z,84,0,84,0
2021-02-15T01:00:00Z,125,0,125,0
2021-02-15T02:00:00Z,434,0,434,0
2021-02-15T03:00:00Z,435,0,435,0
2021-02-15T04:00:00Z,487,0,487,0
2021-02-15T05:00:00Z,1135,0,1135,0
2021-02-15T06:00:00Z,341,0,341,1
2021-02-15T07:00:00Z,2526,0,2526,1
2021-02-15T08:00:00Z,365,0,365,1
2021-02-15T09:00:00Z,948,0,948,1
2021-02-15T10:00:00Z,784,0,784,1
2021-02-15T11:00:00Z,907,0,907,1
2021-02-15T12:00:00Z,1396,0,1396,1
2021-02-15T13:00:00Z,318,0,318,1
2021-02-15T14:00:00Z,274,0,274,1
2021-02-15T15:00:00Z,247,0,247,1
2021-02-15T16:00:00Z,138,0,138,1
2021-02-15T17:00:00Z,62,0,62,1
2021-02-15T18:00:00Z,166,0,166,1
2021-02-15T19:00:00Z,66,0,66,1
2021-02-15T20:00:00Z,571,0,571,1
2021-02-15T21:00:00Z,600,0,600,1
2021-02-15T22:00:00Z,392,0,392,0
2021-02-15T23:00:00Z,130,0,130,0
2021-02-16T00:00:00Z,282,0,282,0
2021-02-16T01:00:00Z,1,342,343,0
2021-02-16T02:00:00Z,0,419,419,0
2021-02-16T03:00:00Z,0,277,277,0
2021-02-16T04:00:00Z,0,282,282,0
2021-02-16T05:00:00Z,0,461,461,0
2021-02-16T06:00:00Z,0,413,413,1
2021-02-16T07:00:00Z,0,328,328,1
2021-02-16T08:00:00Z,0,359,359,1
2021-02-16T09:00:00Z,0,257,257,1
2021-02-16T10:00:00Z,0,324,324,1
2021-02-16T11:00:00Z,0,957,957,1
2021-02-16T12:00:00Z,0,776,776,1
2021-02-16T13:00:00Z,0,331,331,1
2021-02-16T14:00:00Z,0,264,264,1
2021-02-16T15:00:00Z,0,250,250,1
2021-02-16T16:00:00Z,0,154,154,1
2021-02-16T17:00:00Z,173,1,174,1
2021-02-16T18:00:00Z,73,0,73,1
2021-02-16T19:00:00Z,75,0,75,1
2021-02-16T20:00:00Z,131,0,131,1
2021-02-16T21:00:00Z,878,0,878,1
2021-02-16T22:00:00Z,498,0,498,0
2021-02-16T23:00:00Z,160,0,160,0
2021-02-17T00:00:00Z,192,0,192,0
2021-02-17T01:00:00Z,1,545,546,0
2021-02-17T02:00:00Z,0,400,400,0
2021-02-17T03:00:00Z,0,283,283,0
2021-02-17T04:00:00Z,0,513,513,0
2021-02-17T05:00:00Z,0,415,415,0
2021-02-17T06:00:00Z,0,379,379,1
2021-02-17T07:00:00Z,0,546,546,1
2021-02-17T08:00:00Z,0,351,351,1
2021-02-17T09:00:00Z,0,326,326,1
2021-02-17T10:00:00Z,0,257,257,1
2021-02-17T11:00:00Z,0,1104,1104,1
2021-02-17T12:00:00Z,0,589,589,1
2021-02-17T13:00:00Z,0,297,297,1
2021-02-17T14:00:00Z,0,227,227,1
2021-02-17T15:00:00Z,0,234,234,1
2021-02-17T16:00:00Z,0,142,142,1
2021-02-17T17:00:00Z,97,0,97,1
2021-02-17T18:00:00Z,92,0,92,1
2021-02-17T19:00:00Z,49,0,49,1
2021-02-17T20:00:00Z,607,0,607,1
2021-02-17T21:00:00Z,473,0,473,1
2021-02-17T22:00:00Z,451,0,451,0
2021-02-17T23:00:00Z,122,0,122,0
2021-02-18T00:00:00Z,209,0,209,0
2021-02-18T01:00:00Z,0,139,139,0
2021-02-18T02:00:00Z,0,104,104,0
2021-02-18T03:00:00Z,0,90,90,0
2021-02-18T04:00:00Z,0,39,39,0
2021-02-18T05:00:00Z,0,79,79,0
2021-02-18T06:00:00Z,0,118,118,1
2021-02-18T07:00:00Z,0,38,38,1
2021-02-18T08:00:00Z,0,42,42,1
2021-02-18T09:00:00Z,0,131,131,1
2021-02-18T10:00:00Z,0,97,97,1
2021-02-18T11:00:00Z,0,240,240,1
2021-02-18T12:00:00Z,0,244,244,1
2021-02-18T13:00:00Z,0,182,182,1
2021-02-18T14:00:00Z,0,255,255,1
2021-02-18T15:00:00Z,0,220,220,1
2021-02-18T16:00:00Z,0,126,126,1
2021-02-18T17:00:00Z,106,1,107,1
2021-02-18T18:00:00Z,97,0,97,1
2021-02-18T19:00:00Z,49,0,49,1
2021-02-18T20:00:00Z,598,0,598,1
2021-02-18T21:00:00Z,477,0,477,1
2021-02-18T22:00:00Z,419,0,419,0
2021-02-18T23:00:00Z,84,0,84,0
2021-02-19T00:00:00Z,153,0,153,0
2021-02-19T01:00:00Z,0,503,503,0
2021-02-19T02:00:00Z,0,345,345,0
2021-02-19T03:00:00Z,0,432,432,0
2021-02-19T04:00:00Z,0,402,402,0
2021-02-19T05:00:00Z,0,428,428,0
2021-02-19T06:00:00Z,0,418,418,1
2021-02-19T07:00:00Z,0,426,426,1
2021-02-19T08:00:00Z,0,251,251,1
2021-02-19T09:00:00Z,0,303,303,1
2021-02-19T10:00:00Z,0,246,246,1
2021-02-19T11:00:00Z,0,291,291,1
2021-02-19T12:00:00Z,0,293,293,1
2021-02-19T13:00:00Z,0,284,284,1
2021-02-19T14:00:00Z,0,283,283,1
2021-02-19T15:00:00Z,0,228,228,1
2021-02-19T16:00:00Z,0,186,186,1
2021-02-19T17:00:00Z,143,1,144,1
2021-02-19T18:00:00Z,81,0,81,1
2021-02-19T19:00:00Z,109,0,109,1
2021-02-19T20:00:00Z,100,0,100,1
2021-02-19T21:00:00Z,888,0,888,1
2021-02-19T22:00:00Z,157,0,157,0
2021-02-19T23:00:00Z,103,0,103,0
2021-02-20T00:00:00Z,123,0,123,0
2021-02-20T01:00:00Z,0,285,285,0
2021-02-20T02:00:00Z,0,1092,1092,0
2021-02-20T03:00:00Z,0,686,686,0
2021-02-20T04:00:00Z,0,307,307,0
2021-02-20T05:00:00Z,0,482,482,0
2021-02-20T06:00:00Z,0,369,369,1
2021-02-20T07:00:00Z,0,345,345,1
2021-02-20T08:00:00Z,0,315,315,1
2021-02-20T09:00:00Z,0,1102,1102,1
2021-02-20T10:00:00Z,0,1543,1543,1
2021-02-20T11:00:00Z,0,384,384,1
2021-02-20T12:00:00Z,0,328,328,1
2021-02-20T13:00:00Z,0,383,383,1
2021-02-20T14:00:00Z,0,398,398,1
2021-02-20T15:00:00Z,0,288,288,1
2021-02-20T16:00:00Z,0,207,207,1
2021-02-20T17:00:00Z,162,1,163,1
2021-02-20T18:00:00Z,61,0,61,1
2021-02-20T19:00:00Z,128,0,128,1
2021-02-20T20:00:00Z,110,0,110,1
2021-02-20T21:00:00Z,901,0,901,1
2021-02-20T22:00:00Z,149,0,149,0
2021-02-20T23:00:00Z,86,0,86,0
2021-02-21T00:00:00Z,109,0,109,0
2021-02-21T01:00:00Z,317,0,317,0
2021-02-21T02:00:00Z,241,0,241,0
2021-02-21T03:00:00Z,1765,0,1765,0
2021-02-21T04:00:00Z,397,0,397,0
2021-02-21T05:00:00Z,2441,0,2441,0
2021-02-21T06:00:00Z,564,0,564,1
2021-02-21T07:00:00Z,658,0,658,1
2021-02-21T08:00:00Z,2303,0,2303,1
2021-02-21T09:00:00Z,994,0,994,1
2021-02-21T10:00:00Z,418,0,418,1
2021-02-21T11:00:00Z,623,0,623,1
2021-02-21T12:00:00Z,871,0,871,1
2021-02-21T13:00:00Z,1075,0,1075,1
2021-02-21T14:00:00Z,815,0,815,1
2021-02-21T15:00:00Z,423,0,423,1
2021-02-21T16:00:00Z,228,0,228,1
2021-02-21T17:00:00Z,161,0,161,1
2021-02-21T18:00:00Z,109,0,109,1
2021-02-21T19:00:00Z,106,0,106,1
2021-02-21T20:00:00Z,113,0,113,1
2021-02-21T21:00:00Z,72,0,72,1
2021-02-21T22:00:00Z,136,0,136,0
2021-02-21T23:00:00Z,57,0,57,0
2021-02-22T00:00:00Z,149,0,149,0
2021-02-22T01:00:00Z,287,0,287,0
2021-02-22T02:00:00Z,610,0,610,0
2021-02-22T03:00:00Z,1502,0,1502,0
2021-02-22T04:00:00Z,3179,0,3179,0
2021-02-22T05:00:00Z,978,0,978,0
2021-02-22T06:00:00Z,2545,0,2545,1
2021-02-22T07:00:00Z,385,0,385,1
2021-02-22T08:00:00Z,399,0,399,1
2021-02-22T09:00:00Z,274,0,274,1
2021-02-22T10:00:00Z,692,0,692,1
2021-02-22T11:00:00Z,1829,0,1829,1
2021-02-22T12:00:00Z,320,0,320,1
2021-02-22T13:00:00Z,359,0,359,1
2021-02-22T14:00:00Z,285,0,285,1
2021-02-22T15:00:00Z,227,0,227,1
2021-02-22T16:00:00Z,141,0,141,1
2021-02-22T17:00:00Z,92,0,92,1
2021-02-22T18:00:00Z,77,0,77,1
2021-02-22T19:00:00Z,90,0,90,1
2021-02-22T20:00:00Z,87,0,87,1
2021-02-22T21:00:00Z,663,0,663,1
2021-02-22T22:00:00Z,694,0,694,0
2021-02-22T23:00:00Z,135,0,135,0
2021-02-23T00:00:00Z,244,0,244,0
2021-02-23T01:00:00Z,1,160,161,0
2021-02-23T02:00:00Z,0,119,119,0
2021-02-23T03:00:00Z,0,46,46,0
2021-02-23T04:00:00Z,0,88,88,0
2021-02-23T05:00:00Z,0,81,81,0
2021-02-23T06:00:00Z,0,46,46,1
2021-02-23T07:00:00Z,0,128,128,1
2021-02-23T08:00:00Z,0,39,39,1
2021-02-23T09:00:00Z,0,80,80,1
2021-02-23T10:00:00Z,0,124,124,1
2021-02-23T11:00:00Z,0,300,300,1
2021-02-23T12:00:00Z,0,1071,1071,1
2021-02-23T13:00:00Z,0,257,257,1
2021-02-23T14:00:00Z,0,306,306,1
2021-02-23T15:00:00Z,0,217,217,1
2021-02-23T16:00:00Z,0,224,224,1
2021-02-23T17:00:00Z,78,0,78,1
2021-02-23T18:00:00Z,68,0,68,1
2021-02-23T19:00:00Z,132,0,132,1
2021-02-23T20:00:00Z,299,0,299,1
2021-02-23T21:00:00Z,740,0,740,1
2021-02-23T22:00:00Z,505,0,505,0
2021-02-23T23:00:00Z,50,0,50,0
2021-02-24T00:00:00Z,296,0,296,0
2021-02-24T01:00:00Z,1,376,377,0
2021-02-24T02:00:00Z,0,416,416,0
2021-02-24T03:00:00Z,0,386,386,0
2021-02-24T04:00:00Z,0,401,401,0
2021-02-24T05:00:00Z,0,408,408,0
2021-02-24T06:00:00Z,0,320,320,1
2021-02-24T07:00:00Z,0,357,357,1
2021-02-24T08:00:00Z,0,361,361,1
2021-02-24T09:00:00Z,0,320,320,1
2021-02-24T10:00:00Z,0,283,283,1
2021-02-24T11:00:00Z,0,521,521,1
2021-02-24T12:00:00Z,0,257,257,1
2021-02-24T13:00:00Z,0,285,285,1
2021-02-24T14:00:00Z,0,242,242,1
2021-02-24T15:00:00Z,0,206,206,1
2021-02-24T16:00:00Z,0,178,178,1
2021-02-24T17:00:00Z,103,0,103,1
2021-02-24T18:00:00Z,75,0,75,1
2021-02-24T19:00:00Z,77,0,77,1
2021-02-24T20:00:00Z,355,0,355,1
2021-02-24T21:00:00Z,624,0,624,1
2021-02-24T22:00:00Z,526,0,526,0
2021-02-24T23:00:00Z,44,0,44,0
2021-02-25T00:00:00Z,211,0,211,0
2021-02-25T01:00:00Z,0,178,178,0
2021-02-25T02:00:00Z,0,133,133,0
2021-02-25T03:00:00Z,0,92,92,0
2021-02-25T04:00:00Z,0,105,105,0
2021-02-25T05:00:00Z,0,117,117,0
2021-02-25T06:00:00Z,0,83,83,1
2021-02-25T07:00:00Z,0,138,138,1
2021-02-25T08:00:00Z,0,70,70,1
2021-02-25T09:00:00Z,0,150,150,1
2021-02-25T10:00:00Z,0,69,69,1
2021-02-25T11:00:00Z,0,431,431,1
2021-02-25T12:00:00Z,0,234,234,1
2021-02-25T13:00:00Z,0,290,290,1
2021-02-25T14:00:00Z,0,236,236,1
2021-02-25T15:00:00Z,0,206,206,1
2021-02-25T16:00:00Z,0,183,183,1
2021-02-25T17:00:00Z,111,1,112,1
2021-02-25T18:00:00Z,83,0,83,1
2021-02-25T19:00:00Z,73,0,73,1
2021-02-25T20:00:00Z,319,0,319,1
2021-02-25T21:00:00Z,633,0,633,1
2021-02-25T22:00:00Z,787,0,787,0
2021-02-25T23:00:00Z,44,0,44,0
2021-02-26T00:00:00Z,125,0,125,0
2021-02-26T01:00:00Z,0,382,382,0
2021-02-26T02:00:00Z,0,1064,1064,0
2021-02-26T03:00:00Z,0,403,403,0
2021-02-26T04:00:00Z,0,318,318,0
2021-02-26T05:00:00Z,0,451,451,0
2021-02-26T06:00:00Z,0,366,366,1
2021-02-26T07:00:00Z,0,484,484,1
2021-02-26T08:00:00Z,0,257,257,1
2021-02-26T09:00:00Z,0,372,372,1
2021-02-26T10:00:00Z,0,261,261,1
2021-02-26T11:00:00Z,0,526,526,1
2021-02-26T12:00:00Z,0,1292,1292,1
2021-02-26T13:00:00Z,0,285,285,1
2021-02-26T14:00:00Z,0,251,251,1
2021-02-26T15:00:00Z,0,214,214,1
2021-02-26T16:00:00Z,0,175,175,1
2021-02-26T17:00:00Z,93,0,93,1
2021-02-26T18:00:00Z,83,0,83,1
2021-02-26T19:00:00Z,68,0,68,1
2021-02-26T20:00:00Z,320,0,320,1
2021-02-26T21:00:00Z,680,0,680,1
2021-02-26T22:00:00Z,524,0,524,0
2021-02-26T23:00:00Z,68,0,68,0
2021-02-27T00:00:00Z,91,0,91,0
2021-02-27T01:00:00Z,1,406,407,0
2021-02-27T02:00:00Z,0,645,645,0
2021-02-27T03:00:00Z,0,493,493,0
2021-02-27T04:00:00Z,0,274,274,0
2021-02-27T05:00:00Z,0,223,223,0
2021-02-27T06:00:00Z,0,153,153,1
2021-02-27T07:00:00Z,0,221,221,1
2021-02-27T08:00:00Z,0,138,138,1
2021-02-27T09:00:00Z,0,217,217,1
2021-02-27T10:00:00Z,0,212,212,1
2021-02-27T11:00:00Z,0,458,458,1
2021-02-27T12:00:00Z,0,266,266,1
2021-02-27T13:00:00Z,0,292,292,1
2021-02-27T14:00:00Z,0,232,232,1
2021-02-27T15:00:00Z,0,249,249,1
2021-02-27T16:00:00Z,0,120,120,1
2021-02-27T17:00:00Z,110,0,110,1
2021-02-27T18:00:00Z,78,0,78,1
2021-02-27T19:00:00Z,49,0,49,1
2021-02-27T20:00:00Z,568,0,568,1
2021-02-27T21:00:00Z,577,0,577,1
2021-02-27T22:00:00Z,461,0,461,0
2021-02-27T23:00:00Z,120,0,120,0
2021-02-28T00:00:00Z,112,0,112,0
2021-02-28T01:00:00Z,62,0,62,0
2021-02-28T02:00:00Z,679,0,679,0
2021-02-28T03:00:00Z,473,0,473,0
2021-02-28T04:00:00Z,2088,0,2088,0
2021-02-28T05:00:00Z,1264,0,1264,0
2021-02-28T06:00:00Z,346,0,346,1
2021-02-28T07:00:00Z,2833,0,2833,1
2021-02-28T08:00:00Z,570,0,570,1
2021-02-28T09:00:00Z,316,0,316,1
2021-02-28T10:00:00Z,2070,0,2070,1
2021-02-28T11:00:00Z,443,0,443,1
2021-02-28T12:00:00Z,1016,0,1016,1
2021-02-28T13:00:00Z,246,0,246,1
2021-02-28T14:00:00Z,995,0,995,1
2021-02-28T15:00:00Z,197,0,197,1
2021-02-28T16:00:00Z,612,0,612,1
2021-02-28T17:00:00Z,170,0,170,1
2021-02-28T18:00:00Z,44,0,44,1
2021-02-28T19:00:00Z,88,0,88,1
2021-02-28T20:00:00Z,226,0,226,1
2021-02-28T21:00:00Z,844,0,844,1
2021-02-28T22:00:00Z,475,0,475,0
2021-02-28T23:00:00Z,133,0,133,0
2021-03-01T00:00:00Z,121,0,121,0
2021-03-01T01:00:00Z,264,0,264,0
2021-03-01T02:00:00Z,362,0,362,0
2021-03-01T03:00:00Z,895,0,895,0
2021-03-01T04:00:00Z,1142,0,1142,0
2021-03-01T05:00:00Z,967,0,967,0
2021-03-01T06:00:00Z,637,0,637,1
2021-03-01T07:00:00Z,2211,0,2211,1
2021-03-01T08:00:00Z,269,0,269,1
2021-03-01T09:00:00Z,70,0,70,1
2021-03-01T10:00:00Z,183,0,183,1
2021-03-01T11:00:00Z,309,0,309,1
2021-03-01T12:00:00Z,216,0,216,1
2021-03-01T13:00:00Z,214,0,214,1
2021-03-01T14:00:00Z,209,0,209,1
2021-03-01T15:00:00Z,242,0,242,1
2021-03-01T16:00:00Z,117,0,117,1
2021-03-01T17:00:00Z,136,0,136,1
2021-03-01T18:00:00Z,59,0,59,1
2021-03-01T19:00:00Z,71,0,71,1
2021-03-01T20:00:00Z,658,0,658,1
2021-03-01T21:00:00Z,651,0,651,1
2021-03-01T22:00:00Z,191,0,191,0
2021-03-01T23:00:00Z,162,0,162,0
2021-03-02T00:00:00Z,169,0,169,0
2021-03-02T01:00:00Z,0,202,202,0
2021-03-02T02:00:00Z,0,106,106,0
2021-03-02T03:00:00Z,0,38,38,0
2021-03-02T04:00:00Z,0,76,76,0
2021-03-02T05:00:00Z,0,126,126,0
2021-03-02T06:00:00Z,0,40,40,1
2021-03-02T07:00:00Z,0,39,39,1
2021-03-02T08:00:00Z,0,108,108,1
2021-03-02T09:00:00Z,0,94,94,1
2021-03-02T10:00:00Z,0,97,97,1
2021-03-02T11:00:00Z,0,374,374,1
2021-03-02T12:00:00Z,0,297,297,1
2021-03-02T13:00:00Z,0,245,245,1
2021-03-02T14:00:00Z,0,323,323,1
2021-03-02T15:00:00Z,0,196,196,1
2021-03-02T16:00:00Z,0,166,166,1
2021-03-02T17:00:00Z,143,0,143,1
2021-03-02T18:00:00Z,44,0,44,1
2021-03-02T19:00:00Z,60,0,60,1
2021-03-02T20:00:00Z,644,0,644,1
2021-03-02T21:00:00Z,428,0,428,1
2021-03-02T22:00:00Z,480,0,480,0
2021-03-02T23:00:00Z,121,0,121,0
2021-03-03T00:00:00Z,171,0,171,0
2021-03-03T01:00:00Z,0,483,483,0
2021-03-03T02:00:00Z,0,497,497,0
2021-03-03T03:00:00Z,0,343,343,0
2021-03-03T04:00:00Z,0,383,383,0
2021-03-03T05:00:00Z,0,529,529,0
2021-03-03T06:00:00Z,0,402,402,1
2021-03-03T07:00:00Z,0,328,328,1
2021-03-03T08:00:00Z,0,344,344,1
2021-03-03T09:00:00Z,0,286,286,1
2021-03-03T10:00:00Z,0,79,79,1
2021-03-03T11:00:00Z,0,381,381,1
2021-03-03T12:00:00Z,0,288,288,1
2021-03-03T13:00:00Z,0,360,360,1
2021-03-03T14:00:00Z,0,249,249,1
2021-03-03T15:00:00Z,0,247,247,1
2021-03-03T16:00:00Z,0,118,118,1
2021-03-03T17:00:00Z,117,0,117,1
2021-03-03T18:00:00Z,57,0,57,1
2021-03-03T19:00:00Z,104,0,104,1
2021-03-03T20:00:00Z,580,0,580,1
2021-03-03T21:00:00Z,414,0,414,1
2021-03-03T22:00:00Z,519,0,519,0
2021-03-03T23:00:00Z,71,0,71,0
2021-03-04T00:00:00Z,223,0,223,0
2021-03-04T01:00:00Z,0,203,203,0
2021-03-04T02:00:00Z,0,39,39,0
2021-03-04T03:00:00Z,0,130,130,0
2021-03-04T04:00:00Z,0,63,63,0
2021-03-04T05:00:00Z,0,38,38,0
2021-03-04T06:00:00Z,0,122,122,1
2021-03-04T07:00:00Z,0,80,80,1
2021-03-04T08:00:00Z,0,39,39,1
2021-03-04T09:00:00Z,0,79,79,1
2021-03-04T10:00:00Z,0,178,178,1
2021-03-04T11:00:00Z,0,358,358,1
2021-03-04T12:00:00Z,0,290,290,1
2021-03-04T13:00:00Z,0,290,290,1
2021-03-04T14:00:00Z,0,292,292,1
2021-03-04T15:00:00Z,0,270,270,1
2021-03-04T16:00:00Z,0,175,175,1
2021-03-04T17:00:00Z,152,0,152,1
2021-03-04T18:00:00Z,47,0,47,1
2021-03-04T19:00:00Z,90,0,90,1
2021-03-04T20:00:00Z,114,0,114,1
2021-03-04T21:00:00Z,953,0,953,1
2021-03-04T22:00:00Z,525,0,525,0
2021-03-04T23:00:00Z,147,0,147,0
2021-03-05T00:00:00Z,83,0,83,0
2021-03-05T01:00:00Z,0,548,548,0
2021-03-05T02:00:00Z,0,355,355,0
2021-03-05T03:00:00Z,0,349,349,0
2021-03-05T04:00:00Z,0,322,322,0
2021-03-05T05:00:00Z,0,323,323,0
2021-03-05T06:00:00Z,0,467,467,1
2021-03-05T07:00:00Z,0,279,279,1
2021-03-05T08:00:00Z,0,294,294,1
2021-03-05T09:00:00Z,0,332,332,1
2021-03-05T10:00:00Z,0,263,263,1
2021-03-05T11:00:00Z,0,918,918,1
2021-03-05T12:00:00Z,0,770,770,1
2021-03-05T13:00:00Z,0,557,557,1
2021-03-05T14:00:00Z,0,237,237,1
2021-03-05T15:00:00Z,0,236,236,1
2021-03-05T16:00:00Z,0,164,164,1
2021-03-05T17:00:00Z,116,1,117,1
2021-03-05T18:00:00Z,98,0,98,1
2021-03-05T19:00:00Z,44,0,44,1
2021-03-05T20:00:00Z,112,0,112,1
2021-03-05T21:00:00Z,961,0,961,1
2021-03-05T22:00:00Z,494,0,494,0
2021-03-05T23:00:00Z,116,0,116,0
2021-03-06T00:00:00Z,136,0,136,0
2021-03-06T01:00:00Z,0,618,618,0
2021-03-06T02:00:00Z,0,971,971,0
2021-03-06T03:00:00Z,0,877,877,0
2021-03-06T04:00:00Z,0,721,721,0
2021-03-06T05:00:00Z,0,137,137,0
2021-03-06T06:00:00Z,0,1232,1232,1
2021-03-06T07:00:00Z,0,134,134,1
2021-03-06T08:00:00Z,0,222,222,1
2021-03-06T09:00:00Z,0,219,219,1
2021-03-06T10:00:00Z,0,98,98,1
2021-03-06T11:00:00Z,0,463,463,1
2021-03-06T12:00:00Z,0,299,299,1
2021-03-06T13:00:00Z,0,340,340,1
2021-03-06T14:00:00Z,0,317,317,1
2021-03-06T15:00:00Z,0,204,204,1
2021-03-06T16:00:00Z,0,264,264,1
2021-03-06T17:00:00Z,48,0,48,1
2021-03-06T18:00:00Z,118,0,118,1
2021-03-06T19:00:00Z,82,0,82,1
2021-03-06T20:00:00Z,77,0,77,1
2021-03-06T21:00:00Z,993,0,993,1
2021-03-06T22:00:00Z,534,0,534,0
2021-03-06T23:00:00Z,50,0,50,0
2021-03-07T00:00:00Z,102,0,102,0
2021-03-07T01:00:00Z,776,0,776,0
2021-03-07T02:00:00Z,485,0,485,0
2021-03-07T03:00:00Z,1793,0,1793,0
2021-03-07T04:00:00Z,1297,0,1297,0
2021-03-07T05:00:00Z,1092,0,1092,0
2021-03-07T06:00:00Z,394,0,394,1
2021-03-07T07:00:00Z,1337,0,1337,1
2021-03-07T08:00:00Z,308,0,308,1
2021-03-07T09:00:00Z,149,0,149,1
2021-03-07T10:00:00Z,481,0,481,1
2021-03-07T11:00:00Z,432,0,432,1
2021-03-07T12:00:00Z,331,0,331,1
2021-03-07T13:00:00Z,266,0,266,1
2021-03-07T14:00:00Z,279,0,279,1
2021-03-07T15:00:00Z,231,0,231,1
2021-03-07T16:00:00Z,97,0,97,1
2021-03-07T17:00:00Z,135,0,135,1
2021-03-07T18:00:00Z,75,0,75,1
2021-03-07T19:00:00Z,49,0,49,1
2021-03-07T20:00:00Z,725,0,725,1
2021-03-07T21:00:00Z,591,0,591,1
2021-03-07T22:00:00Z,281,0,281,0
2021-03-07T23:00:00Z,54,0,54,0
2021-03-08T00:00:00Z,142,0,142,0
2021-03-08T01:00:00Z,1104,0,1104,0
2021-03-08T02:00:00Z,206,0,206,0
2021-03-08T03:00:00Z,477,0,477,0
2021-03-08T04:00:00Z,375,0,375,0
2021-03-08T05:00:00Z,927,0,927,0
2021-03-08T06:00:00Z,549,0,549,1
2021-03-08T07:00:00Z,356,0,356,1
2021-03-08T08:00:00Z,483,0,483,1
2021-03-08T09:00:00Z,465,0,465,1
2021-03-08T10:00:00Z,422,0,422,1
2021-03-08T11:00:00Z,329,0,329,1
2021-03-08T12:00:00Z,285,0,285,1
2021-03-08T13:00:00Z,282,0,282,1
2021-03-08T14:00:00Z,298,0,298,1
2021-03-08T15:00:00Z,206,0,206,1
2021-03-08T16:00:00Z,178,0,178,1
2021-03-08T17:00:00Z,59,0,59,1
2021-03-08T18:00:00Z,67,0,67,1
2021-03-08T19:00:00Z,137,0,137,1
2021-03-08T20:00:00Z,914,0,914,1
2021-03-08T21:00:00Z,480,0,480,1
2021-03-08T22:00:00Z,116,0,116,0
2021-03-08T23:00:00Z,136,0,136,0
2021-03-09T00:00:00Z,198,0,198,0
2021-03-09T01:00:00Z,1,212,213,0
2021-03-09T02:00:00Z,0,89,89,0
2021-03-09T03:00:00Z,0,39,39,0
2021-03-09T04:00:00Z,0,73,73,0
2021-03-09T05:00:00Z,0,127,127,0
2021-03-09T06:00:00Z,0,39,39,1
2021-03-09T07:00:00Z,0,39,39,1
2021-03-09T08:00:00Z,0,102,102,1
2021-03-09T09:00:00Z,0,110,110,1
2021-03-09T10:00:00Z,0,99,99,1
2021-03-09T11:00:00Z,0,437,437,1
2021-03-09T12:00:00Z,0,267,267,1
2021-03-09T13:00:00Z,0,278,278,1
2021-03-09T14:00:00Z,0,293,293,1
2021-03-09T15:00:00Z,0,218,218,1
2021-03-09T16:00:00Z,0,199,199,1
2021-03-09T17:00:00Z,43,0,43,1
2021-03-09T18:00:00Z,114,0,114,1
2021-03-09T19:00:00Z,78,0,78,1
2021-03-09T20:00:00Z,574,0,574,1
2021-03-09T21:00:00Z,502,0,502,1
2021-03-09T22:00:00Z,447,0,447,0
2021-03-09T23:00:00Z,99,0,99,0
2021-03-10T00:00:00Z,158,0,158,0
2021-03-10T01:00:00Z,1,447,448,0
2021-03-10T02:00:00Z,0,461,461,0
2021-03-10T03:00:00Z,0,304,304,0
2021-03-10T04:00:00Z,0,492,492,0
2021-03-10T05:00:00Z,0,358,358,0
2021-03-10T06:00:00Z,0,538,538,1
2021-03-10T07:00:00Z,0,301,301,1
2021-03-10T08:00:00Z,0,398,398,1
2021-03-10T09:00:00Z,0,377,377,1
2021-03-10T10:00:00Z,0,191,191,1
2021-03-10T11:00:00Z,0,439,439,1
2021-03-10T12:00:00Z,0,287,287,1
2021-03-10T13:00:00Z,0,295,295,1
2021-03-10T14:00:00Z,0,277,277,1
2021-03-10T15:00:00Z,0,202,202,1
2021-03-10T16:00:00Z,0,177,177,1
2021-03-10T17:00:00Z,44,0,44,1
2021-03-10T18:00:00Z,134,0,134,1
2021-03-10T19:00:00Z,69,0,69,1
2021-03-10T20:00:00Z,566,0,566,1
2021-03-10T21:00:00Z,507,0,507,1
2021-03-10T22:00:00Z,479,0,479,0
2021-03-10T23:00:00Z,84,0,84,0
2021-03-11T00:00:00Z,242,0,242,0
2021-03-11T01:00:00Z,1,197,198,0
2021-03-11T02:00:00Z,0,39,39,0
2021-03-11T03:00:00Z,0,124,124,0
2021-03-11T04:00:00Z,0,71,71,0
2021-03-11T05:00:00Z,0,38,38,0
2021-03-11T06:00:00Z,0,90,90,1
2021-03-11T07:00:00Z,0,115,115,1
2021-03-11T08:00:00Z,0,38,38,1
2021-03-11T09:00:00Z,0,55,55,1
2021-03-11T10:00:00Z,0,167,167,1
2021-03-11T11:00:00Z,0,432,432,1
2021-03-11T12:00:00Z,0,325,325,1
2021-03-11T13:00:00Z,0,287,287,1
2021-03-11T14:00:00Z,0,273,273,1
2021-03-11T15:00:00Z,0,266,266,1
2021-03-11T16:00:00Z,0,160,160,1
2021-03-11T17:00:00Z,116,0,116,1
2021-03-11T18:00:00Z,100,0,100,1
2021-03-11T19:00:00Z,46,0,46,1
2021-03-11T20:00:00Z,316,0,316,1
2021-03-11T21:00:00Z,762,0,762,1
2021-03-11T22:00:00Z,460,0,460,0
2021-03-11T23:00:00Z,111,0,111,0
2021-03-12T00:00:00Z,192,0,192,0
2021-03-12T01:00:00Z,0,432,432,0
2021-03-12T02:00:00Z,0,459,459,0
2021-03-12T03:00:00Z,0,393,393,0
2021-03-12T04:00:00Z,0,424,424,0
2021-03-12T05:00:00Z,0,456,456,0
2021-03-12T06:00:00Z,0,324,324,1
2021-03-12T07:00:00Z,0,374,374,1
2021-03-12T08:00:00Z,0,370,370,1
2021-03-12T09:00:00Z,0,406,406,1
2021-03-12T10:00:00Z,0,987,987,1
2021-03-12T11:00:00Z,0,442,442,1
2021-03-12T12:00:00Z,0,342,342,1
2021-03-12T13:00:00Z,0,236,236,1
2021-03-12T14:00:00Z,0,279,279,1
2021-03-12T15:00:00Z,0,208,208,1
2021-03-12T16:00:00Z,0,601,601,1
2021-03-12T17:00:00Z,137,1,138,1
2021-03-12T18:00:00Z,56,0,56,1
2021-03-12T19:00:00Z,65,0,65,1
2021-03-12T20:00:00Z,666,0,666,1
2021-03-12T21:00:00Z,430,0,430,1
2021-03-12T22:00:00Z,432,0,432,0
2021-03-12T23:00:00Z,158,0,158,0
2021-03-13T00:00:00Z,86,0,86,0
2021-03-13T01:00:00Z,0,569,569,0
2021-03-13T02:00:00Z,0,735,735,0
2021-03-13T03:00:00Z,0,302,302,0
2021-03-13T04:00:00Z,0,79,79,0
2021-03-13T05:00:00Z,0,154,154,0
2021-03-13T06:00:00Z,0,268,268,1
2021-03-13T07:00:00Z,0,299,299,1
2021-03-13T08:00:00Z,0,389,389,1
2021-03-13T09:00:00Z,0,291,291,1
2021-03-13T10:00:00Z,0,272,272,1
2021-03-13T11:00:00Z,0,419,419,1
2021-03-13T12:00:00Z,0,769,769,1
2021-03-13T13:00:00Z,0,773,773,1
2021-03-13T14:00:00Z,0,225,225,1
2021-03-13T15:00:00Z,0,248,248,1
2021-03-13T16:00:00Z,0,139,139,1
2021-03-13T17:00:00Z,52,1,53,1
2021-03-13T18:00:00Z,134,0,134,1
2021-03-13T19:00:00Z,63,0,63,1
2021-03-13T20:00:00Z,532,0,532,1
2021-03-13T21:00:00Z,488,0,488,1
2021-03-13T22:00:00Z,446,0,446,0
2021-03-13T23:00:00Z,51,0,51,0
2021-03-14T00:00:00Z,155,0,155,0
2021-03-14T01:00:00Z,305,0,305,0
2021-03-14T02:00:00Z,401,0,401,0
2021-03-14T03:00:00Z,751,0,751,0
2021-03-14T04:00:00Z,441,0,441,0
2021-03-14T05:00:00Z,1125,0,1125,0
2021-03-14T06:00:00Z,1032,0,1032,1
2021-03-14T07:00:00Z,2144,0,2144,1
2021-03-14T08:00:00Z,1551,0,1551,1
2021-03-14T09:00:00Z,414,0,414,1
2021-03-14T10:00:00Z,2096,0,2096,1
2021-03-14T11:00:00Z,414,0,414,1
2021-03-14T12:00:00Z,785,0,785,1
2021-03-14T13:00:00Z,319,0,319,1
2021-03-14T14:00:00Z,788,0,788,1
2021-03-14T15:00:00Z,225,0,225,1
2021-03-14T16:00:00Z,166,0,166,1
2021-03-14T17:00:00Z,422,0,422,1
2021-03-14T18:00:00Z,56,0,56,1
2021-03-14T19:00:00Z,75,0,75,1
2021-03-14T20:00:00Z,132,0,132,1
2021-03-14T21:00:00Z,992,0,992,1
2021-03-14T22:00:00Z,488,0,488,0
2021-03-14T23:00:00Z,139,0,139,0
2021-03-15T00:00:00Z,93,0,93,0
2021-03-15T01:00:00Z,360,0,360,0
2021-03-15T02:00:00Z,419,0,419,0
2021-03-15T03:00:00Z,1801,0,1801,0
2021-03-15T04:00:00Z,428,0,428,0
2021-03-15T05:00:00Z,561,0,561,0
2021-03-15T06:00:00Z,1047,0,1047,1
2021-03-15T07:00:00Z,1565,0,1565,1
2021-03-15T08:00:00Z,1036,0,1036,1
2021-03-15T09:00:00Z,405,0,405,1
2021-03-15T10:00:00Z,374,0,374,1
2021-03-15T11:00:00Z,829,0,829,1
2021-03-15T12:00:00Z,346,0,346,1
2021-03-15T13:00:00Z,304,0,304,1
2021-03-15T14:00:00Z,235,0,235,1
2021-03-15T15:00:00Z,290,0,290,1
2021-03-15T16:00:00Z,90,0,90,1
2021-03-15T17:00:00Z,103,0,103,1
2021-03-15T18:00:00Z,102,0,102,1
2021-03-15T19:00:00Z,55,0,55,1
2021-03-15T20:00:00Z,722,0,722,1
2021-03-15T21:00:00Z,713,0,713,1
2021-03-15T22:00:00Z,92,0,92,0
2021-03-15T23:00:00Z,115,0,115,0
2021-03-16T00:00:00Z,246,0,246,0
2021-03-16T01:00:00Z,1,199,200,0
2021-03-16T02:00:00Z,0,39,39,0
2021-03-16T03:00:00Z,0,126,126,0
2021-03-16T04:00:00Z,0,63,63,0
2021-03-16T05:00:00Z,0,39,39,0
2021-03-16T06:00:00Z,0,116,116,1
2021-03-16T07:00:00Z,0,81,81,1
2021-03-16T08:00:00Z,0,39,39,1
2021-03-16T09:00:00Z,0,102,102,1
2021-03-16T10:00:00Z,0,140,140,1
2021-03-16T11:00:00Z,0,378,378,1
2021-03-16T12:00:00Z,0,266,266,1
2021-03-16T13:00:00Z,0,323,323,1
2021-03-16T14:00:00Z,0,247,247,1
2021-03-16T15:00:00Z,0,244,244,1
2021-03-16T16:00:00Z,0,186,186,1
2021-03-16T17:00:00Z,43,0,43,1
2021-03-16T18:00:00Z,84,0,84,1
2021-03-16T19:00:00Z,124,0,124,1
2021-03-16T20:00:00Z,534,0,534,1
2021-03-16T21:00:00Z,408,0,408,1
2021-03-16T22:00:00Z,550,0,550,0
2021-03-16T23:00:00Z,99,0,99,0
2021-03-17T00:00:00Z,168,0,168,0
2021-03-17T01:00:00Z,1,321,322,0
2021-03-17T02:00:00Z,0,461,461,0
2021-03-17T03:00:00Z,0,345,345,0
2021-03-17T04:00:00Z,0,331,331,0
2021-03-17T05:00:00Z,0,461,461,0
2021-03-17T06:00:00Z,0,330,330,1
2021-03-17T07:00:00Z,0,409,409,1
2021-03-17T08:00:00Z,0,294,294,1
2021-03-17T09:00:00Z,0,210,210,1
2021-03-17T10:00:00Z,0,352,352,1
2021-03-17T11:00:00Z,0,387,387,1
2021-03-17T12:00:00Z,0,288,288,1
2021-03-17T13:00:00Z,0,360,360,1
2021-03-17T14:00:00Z,0,257,257,1
2021-03-17T15:00:00Z,0,211,211,1
2021-03-17T16:00:00Z,0,205,205,1
2021-03-17T17:00:00Z,50,0,50,1
2021-03-17T18:00:00Z,104,0,104,1
2021-03-17T19:00:00Z,116,0,116,1
2021-03-17T20:00:00Z,569,0,569,1
2021-03-17T21:00:00Z,440,0,440,1
2021-03-17T22:00:00Z,553,0,553,0
2021-03-17T23:00:00Z,87,0,87,0
2021-03-18T00:00:00Z,134,0,134,0
2021-03-18T01:00:00Z,0,221,221,0
2021-03-18T02:00:00Z,0,79,79,0
2021-03-18T03:00:00Z,0,39,39,0
2021-03-18T04:00:00Z,0,91,91,0
2021-03-18T05:00:00Z,0,121,121,0
2021-03-18T06:00:00Z,0,39,39,1
2021-03-18T07:00:00Z,0,39,39,1
2021-03-18T08:00:00Z,0,290,290,1
2021-03-18T09:00:00Z,0,282,282,1
2021-03-18T10:00:00Z,0,155,155,1
2021-03-18T11:00:00Z,0,436,436,1
2021-03-18T12:00:00Z,0,305,305,1
2021-03-18T13:00:00Z,0,243,243,1
2021-03-18T14:00:00Z,0,329,329,1
2021-03-18T15:00:00Z,0,237,237,1
2021-03-18T16:00:00Z,0,120,120,1
2021-03-18T17:00:00Z,133,0,133,1
2021-03-18T18:00:00Z,50,0,50,1
2021-03-18T19:00:00Z,52,0,52,1
2021-03-18T20:00:00Z,852,0,852,1
2021-03-18T21:00:00Z,547,0,547,1
2021-03-18T22:00:00Z,513,0,513,0
2021-03-18T23:00:00Z,86,0,86,0
2021-03-19T00:00:00Z,301,0,301,0
2021-03-19T01:00:00Z,1,354,355,0
2021-03-19T02:00:00Z,0,435,435,0
2021-03-19T03:00:00Z,0,464,464,0
2021-03-19T04:00:00Z,0,438,438,0
2021-03-19T05:00:00Z,0,367,367,0
2021-03-19T06:00:00Z,0,421,421,1
2021-03-19T07:00:00Z,0,366,366,1
2021-03-19T08:00:00Z,0,346,346,1
2021-03-19T09:00:00Z,0,275,275,1
2021-03-19T10:00:00Z,0,145,145,1
2021-03-19T11:00:00Z,0,271,271,1
2021-03-19T12:00:00Z,0,755,755,1
2021-03-19T13:00:00Z,0,272,272,1
2021-03-19T14:00:00Z,0,291,291,1
2021-03-19T15:00:00Z,0,170,170,1
2021-03-19T16:00:00Z,0,243,243,1
2021-03-19T17:00:00Z,79,0,79,1
2021-03-19T18:00:00Z,59,0,59,1
2021-03-19T19:00:00Z,139,0,139,1
2021-03-19T20:00:00Z,113,0,113,1
2021-03-19T21:00:00Z,868,0,868,1
2021-03-19T22:00:00Z,530,0,530,0
2021-03-19T23:00:00Z,148,0,148,0
2021-03-20T00:00:00Z,69,0,69,0
2021-03-20T01:00:00Z,0,543,543,0
2021-03-20T02:00:00Z,0,384,384,0
2021-03-20T03:00:00Z,0,386,386,0
2021-03-20T04:00:00Z,0,344,344,0
2021-03-20T05:00:00Z,0,416,416,0
2021-03-20T06:00:00Z,0,280,280,1
2021-03-20T07:00:00Z,0,379,379,1
2021-03-20T08:00:00Z,0,272,272,1
2021-03-20T09:00:00Z,0,159,159,1
2021-03-20T10:00:00Z,0,175,175,1
2021-03-20T11:00:00Z,0,255,255,1
2021-03-20T12:00:00Z,0,304,304,1
2021-03-20T13:00:00Z,0,289,289,1
2021-03-20T14:00:00Z,0,229,229,1
2021-03-20T15:00:00Z,0,249,249,1
2021-03-20T16:00:00Z,0,173,173,1
2021-03-20T17:00:00Z,44,1,45,1
2021-03-20T18:00:00Z,134,0,134,1
2021-03-20T19:00:00Z,89,0,89,1
2021-03-20T20:00:00Z,324,0,324,1
2021-03-20T21:00:00Z,694,0,694,1
2021-03-20T22:00:00Z,551,0,551,0
2021-03-20T23:00:00Z,100,0,100,0
2021-03-21T00:00:00Z,62,0,62,0
2021-03-21T01:00:00Z,324,0,324,0
2021-03-21T02:00:00Z,895,0,895,0
2021-03-21T03:00:00Z,740,0,740,0
2021-03-21T04:00:00Z,711,0,711,0
2021-03-21T05:00:00Z,1440,0,1440,0
2021-03-21T06:00:00Z,847,0,847,1
2021-03-21T07:00:00Z,2034,0,2034,1
2021-03-21T08:00:00Z,783,0,783,1
2021-03-21T09:00:00Z,816,0,816,1
2021-03-21T10:00:00Z,412,0,412,1
2021-03-21T11:00:00Z,848,0,848,1
2021-03-21T12:00:00Z,1930,0,1930,1
2021-03-21T13:00:00Z,332,0,332,1
2021-03-21T14:00:00Z,256,0,256,1
2021-03-21T15:00:00Z,208,0,208,1
2021-03-21T16:00:00Z,206,0,206,1
2021-03-21T17:00:00Z,51,0,51,1
2021-03-21T18:00:00Z,114,0,114,1
2021-03-21T19:00:00Z,108,0,108,1
2021-03-21T20:00:00Z,240,0,240,1
2021-03-21T21:00:00Z,752,0,752,1
2021-03-21T22:00:00Z,549,0,549,0
2021-03-21T23:00:00Z,77,0,77,0
2021-03-22T00:00:00Z,74,0,74,0
2021-03-22T01:00:00Z,134,0,134,0
2021-03-22T02:00:00Z,430,0,430,0
2021-03-22T03:00:00Z,953,0,953,0
2021-03-22T04:00:00Z,356,0,356,0
2021-03-22T05:00:00Z,395,0,395,0
2021-03-22T06:00:00Z,240,0,240,1
2021-03-22T07:00:00Z,653,0,653,1
2021-03-22T08:00:00Z,347,0,347,1
2021-03-22T09:00:00Z,436,0,436,1
2021-03-22T10:00:00Z,406,0,406,1
2021-03-22T11:00:00Z,333,0,333,1
2021-03-22T12:00:00Z,274,0,274,1
2021-03-22T13:00:00Z,302,0,302,1
2021-03-22T14:00:00Z,229,0,229,1
2021-03-22T15:00:00Z,273,0,273,1
2021-03-22T16:00:00Z,67,0,67,1
2021-03-22T17:00:00Z,83,0,83,1
2021-03-22T18:00:00Z,128,0,128,1
2021-03-22T19:00:00Z,50,0,50,1
2021-03-22T20:00:00Z,931,0,931,1
2021-03-22T21:00:00Z,555,0,555,1
2021-03-22T22:00:00Z,70,0,70,0
2021-03-22T23:00:00Z,76,0,76,0
2021-03-23T00:00:00Z,157,0,157,0
2021-03-23T01:00:00Z,0,195,195,0
2021-03-23T02:00:00Z,0,39,39,0
2021-03-23T03:00:00Z,0,65,65,0
2021-03-23T04:00:00Z,0,127,127,0
2021-03-23T05:00:00Z,0,66,66,0
2021-03-23T06:00:00Z,0,39,39,1
2021-03-23T07:00:00Z,0,57,57,1
2021-03-23T08:00:00Z,0,129,129,1
2021-03-23T09:00:00Z,0,97,97,1
2021-03-23T10:00:00Z,0,71,71,1
2021-03-23T11:00:00Z,0,89,89,1
2021-03-23T12:00:00Z,0,430,430,1
2021-03-23T13:00:00Z,0,264,264,1
2021-03-23T14:00:00Z,0,245,245,1
2021-03-23T15:00:00Z,0,256,256,1
2021-03-23T16:00:00Z,0,177,177,1
2021-03-23T17:00:00Z,102,0,102,1
2021-03-23T18:00:00Z,134,0,134,1
2021-03-23T19:00:00Z,86,0,86,1
2021-03-23T20:00:00Z,43,0,43,1
2021-03-23T21:00:00Z,896,0,896,1
2021-03-23T22:00:00Z,558,0,558,0
2021-03-23T23:00:00Z,114,0,114,0
2021-03-24T00:00:00Z,172,0,172,0
2021-03-24T01:00:00Z,0,349,349,0
2021-03-24T02:00:00Z,0,493,493,0
2021-03-24T03:00:00Z,0,294,294,0
2021-03-24T04:00:00Z,0,293,293,0
2021-03-24T05:00:00Z,0,462,462,0
2021-03-24T06:00:00Z,0,381,381,1
2021-03-24T07:00:00Z,0,312,312,1
2021-03-24T08:00:00Z,0,459,459,1
2021-03-24T09:00:00Z,0,276,276,1
2021-03-24T10:00:00Z,0,156,156,1
2021-03-24T11:00:00Z,0,293,293,1
2021-03-24T12:00:00Z,0,193,193,1
2021-03-24T13:00:00Z,0,1516,1516,1
2021-03-24T14:00:00Z,0,503,503,1
2021-03-24T15:00:00Z,0,169,169,1
2021-03-24T16:00:00Z,0,192,192,1
2021-03-24T17:00:00Z,124,1,125,1
2021-03-24T18:00:00Z,45,0,45,1
2021-03-24T19:00:00Z,106,0,106,1
2021-03-24T20:00:00Z,389,0,389,1
2021-03-24T21:00:00Z,647,0,647,1
2021-03-24T22:00:00Z,506,0,506,0
2021-03-24T23:00:00Z,172,0,172,0
2021-03-25T00:00:00Z,126,0,126,0
2021-03-25T01:00:00Z,0,182,182,0
2021-03-25T02:00:00Z,0,121,121,0
2021-03-25T03:00:00Z,0,81,81,0
2021-03-25T04:00:00Z,0,38,38,0
2021-03-25T05:00:00Z,0,96,96,0
2021-03-25T06:00:00Z,0,100,100,1
2021-03-25T07:00:00Z,0,38,38,1
2021-03-25T08:00:00Z,0,76,76,1
2021-03-25T09:00:00Z,0,146,146,1
2021-03-25T10:00:00Z,0,71,71,1
2021-03-25T11:00:00Z,0,902,902,1
2021-03-25T12:00:00Z,0,1384,1384,1
2021-03-25T13:00:00Z,0,1406,1406,1
2021-03-25T14:00:00Z,0,308,308,1
2021-03-25T15:00:00Z,0,1330,1330,1
2021-03-25T16:00:00Z,0,254,254,1
2021-03-25T17:00:00Z,135,0,135,1
2021-03-25T18:00:00Z,43,0,43,1
2021-03-25T19:00:00Z,95,0,95,1
2021-03-25T20:00:00Z,111,0,111,1
2021-03-25T21:00:00Z,410,0,410,1
2021-03-25T22:00:00Z,93,0,93,0
2021-03-25T23:00:00Z,145,0,145,0
2021-03-26T00:00:00Z,95,0,95,0
2021-03-26T01:00:00Z,0,1519,1519,0
2021-03-26T02:00:00Z,0,744,744,0
2021-03-26T03:00:00Z,0,350,350,0
2021-03-26T04:00:00Z,0,419,419,0
2021-03-26T05:00:00Z,0,431,431,0
2021-03-26T06:00:00Z,0,366,366,1
2021-03-26T07:00:00Z,0,325,325,1
2021-03-26T08:00:00Z,0,377,377,1
2021-03-26T09:00:00Z,0,324,324,1
2021-03-26T10:00:00Z,0,653,653,1
2021-03-26T11:00:00Z,0,1419,1419,1
2021-03-26T12:00:00Z,0,1542,1542,1
2021-03-26T13:00:00Z,0,245,245,1
2021-03-26T14:00:00Z,0,299,299,1
2021-03-26T15:00:00Z,0,223,223,1
2021-03-26T16:00:00Z,0,259,259,1
2021-03-26T17:00:00Z,88,0,88,1
2021-03-26T18:00:00Z,58,0,58,1
2021-03-26T19:00:00Z,141,0,141,1
2021-03-26T20:00:00Z,450,0,450,1
2021-03-26T21:00:00Z,591,0,591,1
2021-03-26T22:00:00Z,547,0,547,0
2021-03-26T23:00:00Z,78,0,78,0
2021-03-27T00:00:00Z,75,0,75,0
2021-03-27T01:00:00Z,0,1006,1006,0
2021-03-27T02:00:00Z,0,599,599,0
2021-03-27T03:00:00Z,0,405,405,0
2021-03-27T04:00:00Z,0,324,324,0
2021-03-27T05:00:00Z,0,2207,2207,0
2021-03-27T06:00:00Z,0,603,603,1
2021-03-27T07:00:00Z,0,364,364,1
2021-03-27T08:00:00Z,0,382,382,1
2021-03-27T09:00:00Z,0,1531,1531,1
2021-03-27T10:00:00Z,0,444,444,1
2021-03-27T11:00:00Z,0,450,450,1
2021-03-27T12:00:00Z,0,606,606,1
2021-03-27T13:00:00Z,0,222,222,1
2021-03-27T14:00:00Z,0,313,313,1
2021-03-27T15:00:00Z,0,227,227,1
2021-03-27T16:00:00Z,0,240,240,1
2021-03-27T17:00:00Z,76,0,76,1
2021-03-27T18:00:00Z,83,0,83,1
2021-03-27T19:00:00Z,108,0,108,1
2021-03-27T20:00:00Z,44,0,44,1
2021-03-27T21:00:00Z,938,0,938,1
2021-03-27T22:00:00Z,502,0,502,0
2021-03-27T23:00:00Z,49,0,49,0
2021-03-28T00:00:00Z,170,0,170,0
2021-03-28T01:00:00Z,380,0,380,0
2021-03-28T02:00:00Z,348,0,348,0
2021-03-28T03:00:00Z,712,0,712,0
2021-03-28T04:00:00Z,308,0,308,0
2021-03-28T05:00:00Z,2146,0,2146,0
2021-03-28T06:00:00Z,711,0,711,1
2021-03-28T07:00:00Z,950,0,950,1
2021-03-28T08:00:00Z,777,0,777,1
2021-03-28T09:00:00Z,1057,0,1057,1
2021-03-28T10:00:00Z,369,0,369,1
2021-03-28T11:00:00Z,802,0,802,1
2021-03-28T12:00:00Z,547,0,547,1
2021-03-28T13:00:00Z,751,0,751,1
2021-03-28T14:00:00Z,247,0,247,1
2021-03-28T15:00:00Z,298,0,298,1
2021-03-28T16:00:00Z,206,0,206,1
2021-03-28T17:00:00Z,48,0,48,1
2021-03-28T18:00:00Z,130,0,130,1
2021-03-28T19:00:00Z,82,0,82,1
2021-03-28T20:00:00Z,581,0,581,1
2021-03-28T21:00:00Z,493,0,493,1
2021-03-28T22:00:00Z,539,0,539,0
2021-03-28T23:00:00Z,69,0,69,0
2021-03-29T00:00:00Z,99,0,99,0
2021-03-29T01:00:00Z,505,0,505,0
2021-03-29T02:00:00Z,304,0,304,0
2021-03-29T03:00:00Z,718,0,718,0
2021-03-29T04:00:00Z,1962,0,1962,0
2021-03-29T05:00:00Z,367,0,367,0
2021-03-29T06:00:00Z,426,0,426,1
2021-03-29T07:00:00Z,442,0,442,1
2021-03-29T08:00:00Z,1034,0,1034,1
2021-03-29T09:00:00Z,1680,0,1680,1
2021-03-29T10:00:00Z,318,0,318,1
2021-03-29T11:00:00Z,298,0,298,1
2021-03-29T12:00:00Z,336,0,336,1
2021-03-29T13:00:00Z,277,0,277,1
2021-03-29T14:00:00Z,261,0,261,1
2021-03-29T15:00:00Z,211,0,211,1
2021-03-29T16:00:00Z,44,0,44,1
2021-03-29T17:00:00Z,119,0,119,1
2021-03-29T18:00:00Z,72,0,72,1
2021-03-29T19:00:00Z,634,0,634,1
2021-03-29T20:00:00Z,500,0,500,1
2021-03-29T21:00:00Z,506,0,506,1
2021-03-29T22:00:00Z,89,0,89,0
2021-03-29T23:00:00Z,305,0,305,0
2021-03-30T00:00:00Z,0,320,320,0
2021-03-30T01:00:00Z,0,376,376,0
2021-03-30T02:00:00Z,0,291,291,0
2021-03-30T03:00:00Z,0,345,345,0
2021-03-30T04:00:00Z,0,417,417,0
2021-03-30T05:00:00Z,0,446,446,0
2021-03-30T06:00:00Z,0,326,326,1
2021-03-30T07:00:00Z,0,372,372,1
2021-03-30T08:00:00Z,0,318,318,1
2021-03-30T09:00:00Z,0,271,271,1
2021-03-30T10:00:00Z,0,394,394,1
2021-03-30T11:00:00Z,0,565,565,1
2021-03-30T12:00:00Z,0,284,284,1
2021-03-30T13:00:00Z,0,238,238,1
2021-03-30T14:00:00Z,0,302,302,1
2021-03-30T15:00:00Z,0,210,210,1
2021-03-30T16:00:00Z,111,0,111,1
2021-03-30T17:00:00Z,59,0,59,1
2021-03-30T18:00:00Z,114,0,114,1
2021-03-30T19:00:00Z,152,0,152,1
2021-03-30T20:00:00Z,868,0,868,1
2021-03-30T21:00:00Z,461,0,461,1
2021-03-30T22:00:00Z,107,0,107,0
2021-03-30T23:00:00Z,142,0,142,0
2021-03-31T00:00:00Z,0,423,423,0
2021-03-31T01:00:00Z,0,420,420,0
2021-03-31T02:00:00Z,0,351,351,0
2021-03-31T03:00:00Z,0,376,376,0
2021-03-31T04:00:00Z,0,443,443,0
2021-03-31T05:00:00Z,0,367,367,0
2021-03-31T06:00:00Z,0,275,275,1
2021-03-31T07:00:00Z,0,378,378,1
2021-03-31T08:00:00Z,0,277,277,1
2021-03-31T09:00:00Z,0,287,287,1
2021-03-31T10:00:00Z,0,401,401,1
2021-03-31T11:00:00Z,0,298,298,1
2021-03-31T12:00:00Z,0,236,236,1
2021-03-31T13:00:00Z,0,290,290,1
2021-03-31T14:00:00Z,0,241,241,1
2021-03-31T15:00:00Z,0,268,268,1
2021-03-31T16:00:00Z,76,0,76,1
2021-03-31T17:00:00Z,98,0,98,1
2021-03-31T18:00:00Z,66,0,66,1
2021-03-31T19:00:00Z,364,0,364,1
2021-03-31T20:00:00Z,657,0,657,1
2021-03-31T21:00:00Z,531,0,531,1
2021-03-31T22:00:00Z,65,0,65,0
2021-03-31T23:00:00Z,210,0,210,0
2021-04-01T00:00:00Z,0,155,155,0
2021-04-01T01:00:00Z,0,100,100,0
2021-04-01T02:00:00Z,0,67,67,0
2021-04-01T03:00:00Z,0,69,69,0
2021-04-01T04:00:00Z,0,92,92,0
2021-04-01T05:00:00Z,0,55,55,0
2021-04-01T06:00:00Z,0,105,105,1
2021-04-01T07:00:00Z,0,44,44,1
2021-04-01T08:00:00Z,0,320,320,1
2021-04-01T09:00:00Z,0,376,376,1
2021-04-01T10:00:00Z,0,311,311,1
2021-04-01T11:00:00Z,0,276,276,1
2021-04-01T12:00:00Z,0,249,249,1
2021-04-01T13:00:00Z,0,260,260,1
2021-04-01T14:00:00Z,0,239,239,1
2021-04-01T15:00:00Z,0,273,273,1
2021-04-01T16:00:00Z,78,1,79,1
2021-04-01T17:00:00Z,104,0,104,1
2021-04-01T18:00:00Z,65,0,65,1
2021-04-01T19:00:00Z,100,0,100,1
2021-04-01T20:00:00Z,902,0,902,1
2021-04-01T21:00:00Z,88,0,88,1
2021-04-01T22:00:00Z,96,0,96,0
2021-04-01T23:00:00Z,212,0,212,0
2021-04-02T00:00:00Z,0,447,447,0
2021-04-02T01:00:00Z,0,389,389,0
2021-04-02T02:00:00Z,0,317,317,0
2021-04-02T03:00:00Z,0,346,346,0
2021-04-02T04:00:00Z,0,380,380,0
2021-04-02T05:00:00Z,0,333,333,0
2021-04-02T06:00:00Z,0,367,367,1
2021-04-02T07:00:00Z,0,286,286,1
2021-04-02T08:00:00Z,0,425,425,1
2021-04-02T09:00:00Z,0,165,165,1
2021-04-02T10:00:00Z,0,194,194,1
2021-04-02T11:00:00Z,0,268,268,1
2021-04-02T12:00:00Z,0,303,303,1
2021-04-02T13:00:00Z,0,216,216,1
2021-04-02T14:00:00Z,0,297,297,1
2021-04-02T15:00:00Z,0,183,183,1
2021-04-02T16:00:00Z,128,0,128,1
2021-04-02T17:00:00Z,43,0,43,1
2021-04-02T18:00:00Z,128,0,128,1
2021-04-02T19:00:00Z,302,0,302,1
2021-04-02T20:00:00Z,702,0,702,1
2021-04-02T21:00:00Z,506,0,506,1
2021-04-02T22:00:00Z,66,0,66,0
2021-04-02T23:00:00Z,143,0,143,0
2021-04-03T00:00:00Z,0,356,356,0
2021-04-03T01:00:00Z,0,1249,1249,0
2021-04-03T02:00:00Z,0,429,429,0
2021-04-03T03:00:00Z,0,605,605,0
2021-04-03T04:00:00Z,0,2294,2294,0
2021-04-03T05:00:00Z,0,220,220,0
2021-04-03T06:00:00Z,0,109,109,1
2021-04-03T07:00:00Z,0,126,126,1
2021-04-03T08:00:00Z,0,63,63,1
2021-04-03T09:00:00Z,0,1640,1640,1
2021-04-03T10:00:00Z,0,421,421,1
2021-04-03T11:00:00Z,0,306,306,1
2021-04-03T12:00:00Z,0,279,279,1
2021-04-03T13:00:00Z,0,254,254,1
2021-04-03T14:00:00Z,0,300,300,1
2021-04-03T15:00:00Z,0,175,175,1
2021-04-03T16:00:00Z,140,0,140,1
2021-04-03T17:00:00Z,63,0,63,1
2021-04-03T18:00:00Z,59,0,59,1
2021-04-03T19:00:00Z,207,0,207,1
2021-04-03T20:00:00Z,811,0,811,1
2021-04-03T21:00:00Z,60,0,60,1
2021-04-03T22:00:00Z,142,0,142,0
2021-04-03T23:00:00Z,104,0,104,0
2021-04-04T00:00:00Z,303,0,303,0
2021-04-04T01:00:00Z,1154,0,1154,0
2021-04-04T02:00:00Z,201,0,201,0
2021-04-04T03:00:00Z,77,0,77,0
2021-04-04T04:00:00Z,141,0,141,0
2021-04-04T05:00:00Z,1556,0,1556,0
2021-04-04T06:00:00Z,1549,0,1549,1
2021-04-04T07:00:00Z,478,0,478,1
2021-04-04T08:00:00Z,2279,0,2279,1
2021-04-04T09:00:00Z,772,0,772,1
2021-04-04T10:00:00Z,2195,0,2195,1
2021-04-04T11:00:00Z,425,0,425,1
2021-04-04T12:00:00Z,1009,0,1009,1
2021-04-04T13:00:00Z,497,0,497,1
2021-04-04T14:00:00Z,310,0,310,1
2021-04-04T15:00:00Z,146,0,146,1
2021-04-04T16:00:00Z,106,0,106,1
2021-04-04T17:00:00Z,95,0,95,1
2021-04-04T18:00:00Z,40,0,40,1
2021-04-04T19:00:00Z,128,0,128,1
2021-04-04T20:00:00Z,79,0,79,1
2021-04-04T21:00:00Z,43,0,43,1
2021-04-04T22:00:00Z,124,0,124,0
2021-04-04T23:00:00Z,110,0,110,0
2021-04-05T00:00:00Z,84,0,84,0
2021-04-05T01:00:00Z,391,0,391,0
2021-04-05T02:00:00Z,258,0,258,0
2021-04-05T03:00:00Z,1270,0,1270,0
2021-04-05T04:00:00Z,1488,0,1488,0
2021-04-05T05:00:00Z,274,0,274,0
2021-04-05T06:00:00Z,400,0,400,1
2021-04-05T07:00:00Z,408,0,408,1
2021-04-05T08:00:00Z,407,0,407,1
2021-04-05T09:00:00Z,313,0,313,1
2021-04-05T10:00:00Z,413,0,413,1
2021-04-05T11:00:00Z,429,0,429,1
2021-04-05T12:00:00Z,296,0,296,1
2021-04-05T13:00:00Z,360,0,360,1
2021-04-05T14:00:00Z,337,0,337,1
2021-04-05T15:00:00Z,151,0,151,1
2021-04-05T16:00:00Z,145,0,145,1
2021-04-05T17:00:00Z,100,0,100,1
2021-04-05T18:00:00Z,40,0,40,1
2021-04-05T19:00:00Z,122,0,122,1
2021-04-05T20:00:00Z,107,0,107,1
2021-04-05T21:00:00Z,61,0,61,1
2021-04-05T22:00:00Z,75,0,75,0
2021-04-05T23:00:00Z,156,0,156,0
2021-04-06T00:00:00Z,244,0,244,0
2021-04-06T01:00:00Z,286,0,286,0
2021-04-06T02:00:00Z,647,0,647,0
2021-04-06T03:00:00Z,874,0,874,0
2021-04-06T04:00:00Z,637,0,637,0
2021-04-06T05:00:00Z,601,0,601,0
2021-04-06T06:00:00Z,365,0,365,1
2021-04-06T07:00:00Z,1472,0,1472,1
2021-04-06T08:00:00Z,333,0,333,1
2021-04-06T09:00:00Z,642,0,642,1
2021-04-06T10:00:00Z,533,0,533,1
2021-04-06T11:00:00Z,411,0,411,1
2021-04-06T12:00:00Z,284,0,284,1
2021-04-06T13:00:00Z,299,0,299,1
2021-04-06T14:00:00Z,240,0,240,1
2021-04-06T15:00:00Z,191,0,191,1
2021-04-06T16:00:00Z,118,0,118,1
2021-04-06T17:00:00Z,42,0,42,1
2021-04-06T18:00:00Z,122,0,122,1
2021-04-06T19:00:00Z,86,0,86,1
2021-04-06T20:00:00Z,47,0,47,1
2021-04-06T21:00:00Z,138,0,138,1
2021-04-06T22:00:00Z,126,0,126,0
2021-04-06T23:00:00Z,178,0,178,0
2021-04-07T00:00:00Z,1,394,395,0
2021-04-07T01:00:00Z,0,415,415,0
2021-04-07T02:00:00Z,0,334,334,0
2021-04-07T03:00:00Z,0,403,403,0
2021-04-07T04:00:00Z,0,330,330,0
2021-04-07T05:00:00Z,0,345,345,0
2021-04-07T06:00:00Z,0,434,434,1
2021-04-07T07:00:00Z,0,408,408,1
2021-04-07T08:00:00Z,0,262,262,1
2021-04-07T09:00:00Z,0,328,328,1
2021-04-07T10:00:00Z,0,390,390,1
2021-04-07T11:00:00Z,0,958,958,1
2021-04-07T12:00:00Z,0,342,342,1
2021-04-07T13:00:00Z,0,244,244,1
2021-04-07T14:00:00Z,0,246,246,1
2021-04-07T15:00:00Z,0,256,256,1
2021-04-07T16:00:00Z,76,0,76,1
2021-04-07T17:00:00Z,40,0,40,1
2021-04-07T18:00:00Z,113,0,113,1
2021-04-07T19:00:00Z,132,0,132,1
2021-04-07T20:00:00Z,46,0,46,1
2021-04-07T21:00:00Z,69,0,69,1
2021-04-07T22:00:00Z,106,0,106,0
2021-04-07T23:00:00Z,242,0,242,0
2021-04-08T00:00:00Z,0,141,141,0
2021-04-08T01:00:00Z,0,39,39,0
2021-04-08T02:00:00Z,0,100,100,0
2021-04-08T03:00:00Z,0,124,124,0
2021-04-08T04:00:00Z,0,54,54,0
2021-04-08T05:00:00Z,0,39,39,0
2021-04-08T06:00:00Z,0,39,39,1
2021-04-08T07:00:00Z,0,347,347,1
2021-04-08T08:00:00Z,0,361,361,1
2021-04-08T09:00:00Z,0,267,267,1
2021-04-08T10:00:00Z,0,391,391,1
2021-04-08T11:00:00Z,0,391,391,1
2021-04-08T12:00:00Z,0,266,266,1
2021-04-08T13:00:00Z,0,299,299,1
2021-04-08T14:00:00Z,0,337,337,1
2021-04-08T15:00:00Z,0,186,186,1
2021-04-08T16:00:00Z,128,1,129,1
2021-04-08T17:00:00Z,42,0,42,1
2021-04-08T18:00:00Z,40,0,40,1
2021-04-08T19:00:00Z,124,0,124,1
2021-04-08T20:00:00Z,137,0,137,1
2021-04-08T21:00:00Z,74,0,74,1
2021-04-08T22:00:00Z,79,0,79,0
2021-04-08T23:00:00Z,160,0,160,0
2021-04-09T00:00:00Z,7,836,843,0
2021-04-09T01:00:00Z,0,283,283,0
2021-04-09T02:00:00Z,0,469,469,0
2021-04-09T03:00:00Z,0,514,514,0
2021-04-09T04:00:00Z,0,310,310,0
2021-04-09T05:00:00Z,0,427,427,0
2021-04-09T06:00:00Z,0,378,378,1
2021-04-09T07:00:00Z,0,442,442,1
2021-04-09T08:00:00Z,0,296,296,1
2021-04-09T09:00:00Z,0,359,359,1
2021-04-09T10:00:00Z,0,523,523,1
2021-04-09T11:00:00Z,0,1243,1243,1
2021-04-09T12:00:00Z,0,309,309,1
2021-04-09T13:00:00Z,0,1144,1144,1
2021-04-09T14:00:00Z,0,316,316,1
2021-04-09T15:00:00Z,0,187,187,1
2021-04-09T16:00:00Z,102,0,102,1
2021-04-09T17:00:00Z,127,0,127,1
2021-04-09T18:00:00Z,41,0,41,1
2021-04-09T19:00:00Z,65,0,65,1
2021-04-09T20:00:00Z,131,0,131,1
2021-04-09T21:00:00Z,55,0,55,1
2021-04-09T22:00:00Z,76,0,76,0
2021-04-09T23:00:00Z,132,0,132,0
2021-04-10T00:00:00Z,0,407,407,0
2021-04-10T01:00:00Z,0,1010,1010,0
2021-04-10T02:00:00Z,0,441,441,0
2021-04-10T03:00:00Z,0,586,586,0
2021-04-10T05:00:00Z,0,1772,1772,0
2021-04-10T06:00:00Z,0,493,493,1
2021-04-10T07:00:00Z,0,414,414,1
2021-04-10T08:00:00Z,0,752,752,1
2021-04-10T09:00:00Z,0,1489,1489,1
2021-04-10T10:00:00Z,0,451,451,1
2021-04-10T11:00:00Z,0,361,361,1
2021-04-10T12:00:00Z,0,314,314,1
2021-04-10T13:00:00Z,0,254,254,1
2021-04-10T14:00:00Z,0,275,275,1
2021-04-10T15:00:00Z,0,212,212,1
2021-04-10T16:00:00Z,85,0,85,1
2021-04-10T17:00:00Z,112,0,112,1
2021-04-10T18:00:00Z,40,0,40,1
2021-04-10T19:00:00Z,119,0,119,1
2021-04-10T20:00:00Z,77,0,77,1
2021-04-10T21:00:00Z,41,0,41,1
2021-04-10T22:00:00Z,151,0,151,0
2021-04-10T23:00:00Z,80,0,80,0
2021-04-11T00:00:00Z,354,0,354,0
2021-04-11T01:00:00Z,385,0,385,0
2021-04-11T02:00:00Z,578,0,578,0
2021-04-11T03:00:00Z,582,0,582,0
2021-04-11T04:00:00Z,411,0,411,0
2021-04-11T05:00:00Z,2570,0,2570,0
2021-04-11T06:00:00Z,535,0,535,1
2021-04-11T07:00:00Z,1711,0,1711,1
2021-04-11T08:00:00Z,385,0,385,1
2021-04-11T09:00:00Z,380,0,380,1
2021-04-11T10:00:00Z,1551,0,1551,1
2021-04-11T11:00:00Z,223,0,223,1
2021-04-11T12:00:00Z,178,0,178,1
2021-04-11T13:00:00Z,305,0,305,1
2021-04-11T14:00:00Z,255,0,255,1
2021-04-11T15:00:00Z,135,0,135,1
2021-04-11T16:00:00Z,124,0,124,1
2021-04-11T17:00:00Z,40,0,40,1
2021-04-11T18:00:00Z,102,0,102,1
2021-04-11T19:00:00Z,92,0,92,1
2021-04-11T20:00:00Z,41,0,41,1
2021-04-11T21:00:00Z,114,0,114,1
2021-04-11T22:00:00Z,114,0,114,0
2021-04-11T23:00:00Z,64,0,64,0
2021-04-12T00:00:00Z,265,0,265,0
2021-04-12T01:00:00Z,428,0,428,0
2021-04-12T02:00:00Z,370,0,370,0
2021-04-12T03:00:00Z,1034,0,1034,0
2021-04-12T04:00:00Z,516,0,516,0
2021-04-12T05:00:00Z,313,0,313,0
2021-04-12T06:00:00Z,332,0,332,1
2021-04-12T07:00:00Z,893,0,893,1
2021-04-12T08:00:00Z,1335,0,1335,1
2021-04-12T09:00:00Z,1777,0,1777,1
2021-04-12T10:00:00Z,883,0,883,1
2021-04-12T12:00:00Z,536,0,536,1
2021-04-12T13:00:00Z,525,0,525,1
2021-04-12T14:00:00Z,319,0,319,1
2021-04-12T15:00:00Z,157,0,157,1
2021-04-12T16:00:00Z,103,0,103,1
2021-04-12T17:00:00Z,101,0,101,1
2021-04-12T18:00:00Z,43,0,43,1
2021-04-12T19:00:00Z,98,0,98,1
2021-04-12T20:00:00Z,120,0,120,1
2021-04-12T21:00:00Z,71,0,71,1
2021-04-12T22:00:00Z,68,0,68,0
2021-04-12T23:00:00Z,242,0,242,0
2021-04-13T00:00:00Z,1,197,198,0
2021-04-13T01:00:00Z,0,39,39,0
2021-04-13T02:00:00Z,0,87,87,0
2021-04-13T03:00:00Z,0,116,116,0
2021-04-13T04:00:00Z,0,39,39,0
2021-04-13T05:00:00Z,0,39,39,0
2021-04-13T06:00:00Z,0,122,122,1
2021-04-13T07:00:00Z,0,97,97,1
2021-04-13T08:00:00Z,0,73,73,1
2021-04-13T09:00:00Z,0,78,78,1
2021-04-13T10:00:00Z,0,444,444,1
2021-04-13T11:00:00Z,0,1770,1770,1
2021-04-13T12:00:00Z,0,689,689,1
2021-04-13T13:00:00Z,0,339,339,1
2021-04-13T14:00:00Z,0,223,223,1
2021-04-13T15:00:00Z,0,180,180,1
2021-04-13T16:00:00Z,132,0,132,1
2021-04-13T17:00:00Z,56,0,56,1
2021-04-13T18:00:00Z,40,0,40,1
2021-04-13T19:00:00Z,115,0,115,1
2021-04-13T20:00:00Z,142,0,142,1
2021-04-13T21:00:00Z,71,0,71,1
2021-04-13T22:00:00Z,64,0,64,0
2021-04-13T23:00:00Z,131,0,131,0
2021-04-14T00:00:00Z,4,608,612,0
2021-04-14T01:00:00Z,0,357,357,0
2021-04-14T02:00:00Z,0,54,54,0
2021-04-14T03:00:00Z,0,129,129,0
2021-04-14T04:00:00Z,0,70,70,0
2021-04-14T05:00:00Z,0,39,39,0
2021-04-14T06:00:00Z,0,98,98,1
2021-04-14T07:00:00Z,0,113,113,1
2021-04-14T08:00:00Z,0,65,65,1
2021-04-14T09:00:00Z,0,61,61,1
2021-04-14T10:00:00Z,0,391,391,1
2021-04-14T11:00:00Z,0,498,498,1
2021-04-14T12:00:00Z,0,276,276,1
2021-04-14T13:00:00Z,0,753,753,1
2021-04-14T14:00:00Z,0,547,547,1
2021-04-14T15:00:00Z,0,417,417,1
2021-04-14T16:00:00Z,146,0,146,1
2021-04-14T17:00:00Z,101,0,101,1
2021-04-14T18:00:00Z,38,0,38,1
2021-04-14T19:00:00Z,52,0,52,1
2021-04-14T20:00:00Z,130,0,130,1
2021-04-14T21:00:00Z,106,0,106,1
2021-04-14T22:00:00Z,70,0,70,0
2021-04-14T23:00:00Z,83,0,83,0
2021-04-15T00:00:00Z,0,270,270,0
2021-04-15T01:00:00Z,0,92,92,0
2021-04-15T02:00:00Z,0,69,69,0
2021-04-15T03:00:00Z,0,125,125,0
2021-04-15T04:00:00Z,0,126,126,0
2021-04-15T05:00:00Z,0,38,38,0
2021-04-15T06:00:00Z,0,39,39,1
2021-04-15T07:00:00Z,0,116,116,1
2021-04-15T08:00:00Z,0,121,121,1
2021-04-15T09:00:00Z,0,65,65,1
2021-04-15T10:00:00Z,0,707,707,1
2021-04-15T11:00:00Z,0,589,589,1
2021-04-15T12:00:00Z,0,282,282,1
2021-04-15T13:00:00Z,0,834,834,1
2021-04-15T14:00:00Z,0,513,513,1
2021-04-15T15:00:00Z,0,385,385,1
2021-04-15T16:00:00Z,91,1,92,1
2021-04-15T17:00:00Z,128,0,128,1
2021-04-15T18:00:00Z,43,0,43,1
2021-04-15T19:00:00Z,44,0,44,1
2021-04-15T20:00:00Z,114,0,114,1
2021-04-15T21:00:00Z,104,0,104,1
2021-04-15T22:00:00Z,77,0,77,0
2021-04-15T23:00:00Z,62,0,62,0
2021-04-16T00:00:00Z,0,262,262,0
2021-04-16T01:00:00Z,0,75,75,0
2021-04-16T02:00:00Z,0,39,39,0
2021-04-16T03:00:00Z,0,79,79,0
2021-04-16T04:00:00Z,0,121,121,0
2021-04-16T05:00:00Z,0,43,43,0
2021-04-16T06:00:00Z,0,265,265,1
2021-04-16T07:00:00Z,0,174,174,1
2021-04-16T08:00:00Z,0,81,81,1
2021-04-16T09:00:00Z,0,180,180,1
2021-04-16T10:00:00Z,0,489,489,1
2021-04-16T11:00:00Z,0,304,304,1
2021-04-16T12:00:00Z,0,668,668,1
2021-04-16T13:00:00Z,0,413,413,1
2021-04-16T14:00:00Z,0,691,691,1
2021-04-16T15:00:00Z,0,197,197,1
2021-04-16T16:00:00Z,154,0,154,1
2021-04-16T17:00:00Z,43,0,43,1
2021-04-16T18:00:00Z,86,0,86,1
2021-04-16T19:00:00Z,124,0,124,1
2021-04-16T20:00:00Z,41,0,41,1
2021-04-16T21:00:00Z,49,0,49,1
2021-04-16T22:00:00Z,162,0,162,0
2021-04-16T23:00:00Z,114,0,114,0
2021-04-17T00:00:00Z,1,393,394,0
2021-04-17T01:00:00Z,0,1137,1137,0
2021-04-17T02:00:00Z,0,394,394,0
2021-04-17T03:00:00Z,0,629,629,0
2021-04-17T04:00:00Z,0,1445,1445,0
2021-04-17T05:00:00Z,0,335,335,0
2021-04-17T06:00:00Z,0,270,270,1
2021-04-17T07:00:00Z,0,344,344,1
2021-04-17T08:00:00Z,0,346,346,1
2021-04-17T09:00:00Z,0,354,354,1
2021-04-17T10:00:00Z,0,426,426,1
2021-04-17T11:00:00Z,0,543,543,1
2021-04-17T12:00:00Z,0,713,713,1
2021-04-17T13:00:00Z,0,311,311,1
2021-04-17T14:00:00Z,0,627,627,1
2021-04-17T15:00:00Z,0,228,228,1
2021-04-17T16:00:00Z,51,1,52,1
2021-04-17T17:00:00Z,78,0,78,1
2021-04-17T18:00:00Z,105,0,105,1
2021-04-17T19:00:00Z,47,0,47,1
2021-04-17T20:00:00Z,99,0,99,1
2021-04-17T21:00:00Z,95,0,95,1
2021-04-17T22:00:00Z,41,0,41,0
2021-04-17T23:00:00Z,86,0,86,0
2021-04-18T00:00:00Z,370,0,370,0
2021-04-18T01:00:00Z,366,0,366,0
2021-04-18T02:00:00Z,753,0,753,0
2021-04-18T03:00:00Z,406,0,406,0
2021-04-18T04:00:00Z,298,0,298,0
2021-04-18T05:00:00Z,334,0,334,0
2021-04-18T06:00:00Z,1860,0,1860,1
2021-04-18T07:00:00Z,272,0,272,1
2021-04-18T08:00:00Z,290,0,290,1
2021-04-18T09:00:00Z,1799,0,1799,1
2021-04-18T10:00:00Z,1223,0,1223,1
2021-04-18T11:00:00Z,376,0,376,1
2021-04-18T12:00:00Z,343,0,343,1
2021-04-18T13:00:00Z,726,0,726,1
2021-04-18T14:00:00Z,459,0,459,1
2021-04-18T15:00:00Z,1478,0,1478,1
2021-04-18T16:00:00Z,139,0,139,1
2021-04-18T17:00:00Z,85,0,85,1
2021-04-18T18:00:00Z,40,0,40,1
2021-04-18T19:00:00Z,129,0,129,1
2021-04-18T20:00:00Z,64,0,64,1
2021-04-18T21:00:00Z,68,0,68,1
2021-04-18T22:00:00Z,157,0,157,0
2021-04-18T23:00:00Z,82,0,82,0
2021-04-19T00:00:00Z,363,0,363,0
2021-04-19T01:00:00Z,829,0,829,0
2021-04-19T02:00:00Z,748,0,748,0
2021-04-19T03:00:00Z,1698,0,1698,0
2021-04-19T04:00:00Z,491,0,491,0
2021-04-19T05:00:00Z,2180,0,2180,0
2021-04-19T06:00:00Z,1171,0,1171,1
2021-04-19T07:00:00Z,356,0,356,1
2021-04-19T08:00:00Z,272,0,272,1
2021-04-19T09:00:00Z,1760,0,1760,1
2021-04-19T10:00:00Z,305,0,305,1
2021-04-19T11:00:00Z,233,0,233,1
2021-04-19T12:00:00Z,696,0,696,1
2021-04-19T13:00:00Z,220,0,220,1
2021-04-19T14:00:00Z,191,0,191,1
2021-04-19T15:00:00Z,196,0,196,1
2021-04-19T16:00:00Z,76,0,76,1
2021-04-19T17:00:00Z,98,0,98,1
2021-04-19T18:00:00Z,61,0,61,1
2021-04-19T19:00:00Z,499,0,499,1
2021-04-19T20:00:00Z,118,0,118,1
2021-04-19T21:00:00Z,559,0,559,1
2021-04-19T22:00:00Z,63,0,63,0
2021-04-19T23:00:00Z,205,0,205,0
2021-04-20T00:00:00Z,1,187,188,0
2021-04-20T01:00:00Z,0,75,75,0
2021-04-20T02:00:00Z,0,91,91,0
2021-04-20T03:00:00Z,0,39,39,0
2021-04-20T04:00:00Z,0,129,129,0
2021-04-20T05:00:00Z,0,39,39,0
2021-04-20T06:00:00Z,0,85,85,1
2021-04-20T07:00:00Z,0,82,82,1
2021-04-20T08:00:00Z,0,61,61,1
2021-04-20T09:00:00Z,0,192,192,1
2021-04-20T10:00:00Z,0,1052,1052,1
2021-04-20T11:00:00Z,0,1053,1053,1
2021-04-20T12:00:00Z,0,165,165,1
2021-04-20T13:00:00Z,0,239,239,1
2021-04-20T14:00:00Z,0,181,181,1
2021-04-20T15:00:00Z,0,309,309,1
2021-04-20T16:00:00Z,54,1,55,1
2021-04-20T17:00:00Z,105,0,105,1
2021-04-20T18:00:00Z,77,0,77,1
2021-04-20T19:00:00Z,77,0,77,1
2021-04-20T20:00:00Z,120,0,120,1
2021-04-20T21:00:00Z,496,0,496,1
2021-04-20T22:00:00Z,509,0,509,0
2021-04-20T23:00:00Z,287,0,287,0
2021-04-21T00:00:00Z,4,1635,1639,0
2021-04-21T01:00:00Z,0,1005,1005,0
2021-04-21T02:00:00Z,0,373,373,0
2021-04-21T03:00:00Z,0,411,411,0
2021-04-21T04:00:00Z,0,260,260,0
2021-04-21T05:00:00Z,0,442,442,0
2021-04-21T06:00:00Z,0,384,384,1
2021-04-21T07:00:00Z,0,299,299,1
2021-04-21T08:00:00Z,0,434,434,1
2021-04-21T09:00:00Z,0,203,203,1
2021-04-21T10:00:00Z,0,393,393,1
2021-04-21T11:00:00Z,0,246,246,1
2021-04-21T12:00:00Z,0,239,239,1
2021-04-21T13:00:00Z,0,156,156,1
2021-04-21T14:00:00Z,0,240,240,1
2021-04-21T15:00:00Z,0,92,92,1
2021-04-21T16:00:00Z,118,0,118,1
2021-04-21T17:00:00Z,45,0,45,1
2021-04-21T18:00:00Z,120,0,120,1
2021-04-21T19:00:00Z,49,0,49,1
2021-04-21T20:00:00Z,560,0,560,1
2021-04-21T21:00:00Z,103,0,103,1
2021-04-21T22:00:00Z,568,0,568,0
2021-04-21T23:00:00Z,190,0,190,0
2021-04-22T00:00:00Z,0,235,235,0
2021-04-22T01:00:00Z,0,58,58,0
2021-04-22T02:00:00Z,0,84,84,0
2021-04-22T03:00:00Z,0,79,79,0
2021-04-22T04:00:00Z,0,60,60,0
2021-04-22T05:00:00Z,0,103,103,0
2021-04-22T06:00:00Z,0,39,39,1
2021-04-22T07:00:00Z,0,124,124,1
2021-04-22T08:00:00Z,0,39,39,1
2021-04-22T09:00:00Z,0,175,175,1
2021-04-22T10:00:00Z,0,402,402,1
2021-04-22T11:00:00Z,0,910,910,1
2021-04-22T12:00:00Z,0,374,374,1
2021-04-22T13:00:00Z,0,182,182,1
2021-04-22T14:00:00Z,0,246,246,1
2021-04-22T15:00:00Z,0,139,139,1
2021-04-22T16:00:00Z,126,0,126,1
2021-04-22T17:00:00Z,55,0,55,1
2021-04-22T18:00:00Z,94,0,94,1
2021-04-22T19:00:00Z,89,0,89,1
2021-04-22T20:00:00Z,346,0,346,1
2021-04-22T21:00:00Z,322,0,322,1
2021-04-22T22:00:00Z,516,0,516,0
2021-04-22T23:00:00Z,228,0,228,0
2021-04-23T00:00:00Z,1,440,441,0
2021-04-23T01:00:00Z,0,355,355,0
2021-04-23T02:00:00Z,0,337,337,0
2021-04-23T03:00:00Z,0,338,338,0
2021-04-23T04:00:00Z,0,402,402,0
2021-04-23T05:00:00Z,0,638,638,0
2021-04-23T06:00:00Z,0,529,529,1
2021-04-23T07:00:00Z,0,325,325,1
2021-04-23T08:00:00Z,0,419,419,1
2021-04-23T09:00:00Z,0,276,276,1
2021-04-23T10:00:00Z,0,403,403,1
2021-04-23T11:00:00Z,0,216,216,1
2021-04-23T12:00:00Z,0,254,254,1
2021-04-23T13:00:00Z,0,203,203,1
2021-04-23T14:00:00Z,0,193,193,1
2021-04-23T15:00:00Z,0,222,222,1
2021-04-23T16:00:00Z,48,0,48,1
2021-04-23T17:00:00Z,132,0,132,1
2021-04-23T18:00:00Z,43,0,43,1
2021-04-23T19:00:00Z,106,0,106,1
2021-04-23T20:00:00Z,87,0,87,1
2021-04-23T21:00:00Z,504,0,504,1
2021-04-23T22:00:00Z,613,0,613,0
2021-04-23T23:00:00Z,66,0,66,0
2021-04-24T00:00:00Z,0,438,438,0
2021-04-24T01:00:00Z,0,461,461,0
2021-04-24T02:00:00Z,0,403,403,0
2021-04-24T03:00:00Z,0,447,447,0
2021-04-24T04:00:00Z,0,351,351,0
2021-04-24T05:00:00Z,0,228,228,0
2021-04-24T06:00:00Z,0,323,323,1
2021-04-24T07:00:00Z,0,246,246,1
2021-04-24T08:00:00Z,0,329,329,1
2021-04-24T09:00:00Z,0,458,458,1
2021-04-24T10:00:00Z,0,285,285,1
2021-04-24T11:00:00Z,0,291,291,1
2021-04-24T12:00:00Z,0,190,190,1
2021-04-24T13:00:00Z,0,224,224,1
2021-04-24T14:00:00Z,0,195,195,1
2021-04-24T15:00:00Z,0,164,164,1
2021-04-24T16:00:00Z,97,0,97,1
2021-04-24T17:00:00Z,56,0,56,1
2021-04-24T18:00:00Z,123,0,123,1
2021-04-24T19:00:00Z,48,0,48,1
2021-04-24T20:00:00Z,372,0,372,1
2021-04-24T21:00:00Z,268,0,268,1
2021-04-24T22:00:00Z,530,0,530,0
2021-04-24T23:00:00Z,153,0,153,0
2021-04-25T00:00:00Z,319,0,319,0
2021-04-25T01:00:00Z,594,0,594,0
2021-04-25T02:00:00Z,2299,0,2299,0
2021-04-25T03:00:00Z,1109,0,1109,0
2021-04-25T04:00:00Z,459,0,459,0
2021-04-25T05:00:00Z,411,0,411,0
2021-04-25T06:00:00Z,341,0,341,1
2021-04-25T07:00:00Z,334,0,334,1
2021-04-25T08:00:00Z,330,0,330,1
2021-04-25T09:00:00Z,450,0,450,1
2021-04-25T10:00:00Z,370,0,370,1
2021-04-25T11:00:00Z,3628,0,3628,1
2021-04-25T12:00:00Z,408,0,408,1
2021-04-25T13:00:00Z,213,0,213,1
2021-04-25T14:00:00Z,240,0,240,1
2021-04-25T15:00:00Z,189,0,189,1
2021-04-25T16:00:00Z,674,0,674,1
2021-04-25T17:00:00Z,110,0,110,1
2021-04-25T18:00:00Z,42,0,42,1
2021-04-25T19:00:00Z,118,0,118,1
2021-04-25T20:00:00Z,75,0,75,1
2021-04-25T21:00:00Z,475,0,475,1
2021-04-25T22:00:00Z,183,0,183,0
2021-04-25T23:00:00Z,538,0,538,0
2021-04-26T00:00:00Z,80,0,80,0
2021-04-26T01:00:00Z,383,0,383,0
2021-04-26T02:00:00Z,432,0,432,0
2021-04-26T03:00:00Z,1230,0,1230,0
2021-04-26T04:00:00Z,1349,0,1349,0
2021-04-26T05:00:00Z,326,0,326,0
2021-04-26T06:00:00Z,386,0,386,1
2021-04-26T07:00:00Z,336,0,336,1
2021-04-26T08:00:00Z,475,0,475,1
2021-04-26T09:00:00Z,630,0,630,1
2021-04-26T10:00:00Z,307,0,307,1
2021-04-26T11:00:00Z,376,0,376,1
2021-04-26T12:00:00Z,204,0,204,1
2021-04-26T13:00:00Z,225,0,225,1
2021-04-26T14:00:00Z,201,0,201,1
2021-04-26T15:00:00Z,209,0,209,1
2021-04-26T16:00:00Z,101,0,101,1
2021-04-26T17:00:00Z,95,0,95,1
2021-04-26T18:00:00Z,70,0,70,1
2021-04-26T19:00:00Z,128,0,128,1
2021-04-26T20:00:00Z,388,0,388,1
2021-04-26T21:00:00Z,215,0,215,1
2021-04-26T22:00:00Z,538,0,538,0
2021-04-26T23:00:00Z,164,0,164,0
2021-04-27T00:00:00Z,0,317,317,0
2021-04-27T01:00:00Z,0,270,270,0
2021-04-27T02:00:00Z,0,376,376,0
2021-04-27T03:00:00Z,0,298,298,0
2021-04-27T04:00:00Z,0,291,291,0
2021-04-27T05:00:00Z,0,1047,1047,0
2021-04-27T06:00:00Z,0,401,401,1
2021-04-27T07:00:00Z,0,352,352,1
2021-04-27T08:00:00Z,0,420,420,1
2021-04-27T09:00:00Z,0,788,788,1
2021-04-27T10:00:00Z,0,470,470,1
2021-04-27T11:00:00Z,0,228,228,1
2021-04-27T12:00:00Z,0,681,681,1
2021-04-27T13:00:00Z,0,253,253,1
2021-04-27T14:00:00Z,0,793,793,1
2021-04-27T15:00:00Z,0,268,268,1
2021-04-27T16:00:00Z,195,1,196,1
2021-04-27T17:00:00Z,99,0,99,1
2021-04-27T18:00:00Z,75,0,75,1
2021-04-27T19:00:00Z,120,0,120,1
2021-04-27T20:00:00Z,44,0,44,1
2021-04-27T21:00:00Z,102,0,102,1
2021-04-27T22:00:00Z,110,0,110,0
2021-04-27T23:00:00Z,252,0,252,0
2021-04-28T00:00:00Z,417,0,417,0
2021-04-28T01:00:00Z,415,0,415,0
2021-04-28T02:00:00Z,323,0,323,0
2021-04-28T03:00:00Z,569,0,569,0
2021-04-28T04:00:00Z,296,0,296,0
2021-04-28T05:00:00Z,465,0,465,0
2021-04-28T06:00:00Z,314,0,314,1
2021-04-28T07:00:00Z,820,0,820,1
2021-04-28T08:00:00Z,353,0,353,1
2021-04-28T09:00:00Z,415,0,415,1
2021-04-28T10:00:00Z,136,0,136,1
2021-04-28T11:00:00Z,64,0,64,1
2021-04-28T12:00:00Z,250,0,250,1
2021-04-28T13:00:00Z,199,0,199,1
2021-04-28T14:00:00Z,202,0,202,1
2021-04-28T15:00:00Z,190,0,190,1
2021-04-28T16:00:00Z,56,0,56,1
2021-04-28T17:00:00Z,126,0,126,1
2021-04-28T18:00:00Z,43,0,43,1
2021-04-28T19:00:00Z,452,0,452,1
2021-04-28T20:00:00Z,121,0,121,1
2021-04-28T21:00:00Z,479,0,479,1
2021-04-28T22:00:00Z,128,0,128,0
2021-04-28T23:00:00Z,59,0,59,0
2021-04-29T00:00:00Z,0,516,516,0
2021-04-29T01:00:00Z,0,350,350,0
2021-04-29T02:00:00Z,0,182,182,0
2021-04-29T03:00:00Z,0,231,231,0
2021-04-29T04:00:00Z,0,101,101,0
2021-04-29T05:00:00Z,0,279,279,0
2021-04-29T06:00:00Z,0,123,123,1
2021-04-29T07:00:00Z,0,150,150,1
2021-04-29T08:00:00Z,0,180,180,1
2021-04-29T09:00:00Z,0,228,228,1
2021-04-29T10:00:00Z,0,369,369,1
2021-04-29T11:00:00Z,0,209,209,1
2021-04-29T12:00:00Z,0,210,210,1
2021-04-29T13:00:00Z,0,195,195,1
2021-04-29T14:00:00Z,0,222,222,1
2021-04-29T15:00:00Z,0,128,128,1
2021-04-29T16:00:00Z,113,1,114,1
2021-04-29T17:00:00Z,44,0,44,1
2021-04-29T18:00:00Z,131,0,131,1
2021-04-29T19:00:00Z,52,0,52,1
2021-04-29T20:00:00Z,533,0,533,1
2021-04-29T21:00:00Z,137,0,137,1
2021-04-29T22:00:00Z,498,0,498,0
2021-04-29T23:00:00Z,142,0,142,0
2021-04-30T00:00:00Z,1,907,908,0
2021-04-30T01:00:00Z,0,518,518,0
2021-04-30T02:00:00Z,0,254,254,0
2021-04-30T03:00:00Z,0,248,248,0
2021-04-30T04:00:00Z,0,138,138,0
2021-04-30T05:00:00Z,0,223,223,0
2021-04-30T06:00:00Z,0,167,167,1
2021-04-30T07:00:00Z,0,193,193,1
2021-04-30T08:00:00Z,0,345,345,1
2021-04-30T09:00:00Z,0,490,490,1
2021-04-30T10:00:00Z,0,1480,1480,1
2021-04-30T11:00:00Z,0,814,814,1
2021-04-30T12:00:00Z,0,240,240,1
2021-04-30T13:00:00Z,0,182,182,1
2021-04-30T14:00:00Z,0,215,215,1
2021-04-30T15:00:00Z,0,155,155,1
2021-04-30T16:00:00Z,89,0,89,1
2021-04-30T17:00:00Z,91,0,91,1
2021-04-30T18:00:00Z,43,0,43,1
2021-04-30T19:00:00Z,143,0,143,1
2021-04-30T20:00:00Z,485,0,485,1
2021-04-30T21:00:00Z,132,0,132,1
2021-04-30T22:00:00Z,580,0,580,0
2021-04-30T23:00:00Z,61,0,61,0
2021-05-01T00:00:00Z,0,469,469,0
2021-05-01T01:00:00Z,0,349,349,0
2021-05-01T02:00:00Z,0,248,248,0
2021-05-01T03:00:00Z,0,375,375,0
2021-05-01T04:00:00Z,0,283,283,0
2021-05-01T05:00:00Z,0,332,332,0
2021-05-01T06:00:00Z,0,305,305,1
2021-05-01T07:00:00Z,0,317,317,1
2021-05-01T08:00:00Z,0,195,195,1
2021-05-01T09:00:00Z,0,158,158,1
2021-05-01T10:00:00Z,0,391,391,1
2021-05-01T11:00:00Z,0,202,202,1
2021-05-01T12:00:00Z,0,293,293,1
2021-05-01T13:00:00Z,0,164,164,1
2021-05-01T14:00:00Z,0,249,249,1
2021-05-01T15:00:00Z,0,178,178,1
2021-05-01T16:00:00Z,131,1,132,1
2021-05-01T17:00:00Z,52,0,52,1
2021-05-01T18:00:00Z,111,0,111,1
2021-05-01T19:00:00Z,75,0,75,1
2021-05-01T20:00:00Z,89,0,89,1
2021-05-01T21:00:00Z,555,0,555,1
2021-05-01T22:00:00Z,159,0,159,0
2021-05-01T23:00:00Z,541,0,541,0
2021-05-02T00:00:00Z,422,0,422,0
2021-05-02T01:00:00Z,714,0,714,0
2021-05-02T02:00:00Z,362,0,362,0
2021-05-02T03:00:00Z,1118,0,1118,0
2021-05-02T04:00:00Z,1679,0,1679,0
2021-05-02T05:00:00Z,938,0,938,0
2021-05-02T06:00:00Z,466,0,466,1
2021-05-02T07:00:00Z,2090,0,2090,1
2021-05-02T08:00:00Z,402,0,402,1
2021-05-02T09:00:00Z,548,0,548,1
2021-05-02T10:00:00Z,319,0,319,1
2021-05-02T11:00:00Z,2000,0,2000,1
2021-05-02T12:00:00Z,419,0,419,1
2021-05-02T13:00:00Z,248,0,248,1
2021-05-02T14:00:00Z,197,0,197,1
2021-05-02T15:00:00Z,227,0,227,1
2021-05-02T16:00:00Z,177,0,177,1
2021-05-02T17:00:00Z,55,0,55,1
2021-05-02T18:00:00Z,137,0,137,1
2021-05-02T19:00:00Z,50,0,50,1
2021-05-02T20:00:00Z,80,0,80,1
2021-05-02T21:00:00Z,528,0,528,1
2021-05-02T22:00:00Z,136,0,136,0
2021-05-02T23:00:00Z,557,0,557,0
2021-05-03T00:00:00Z,448,0,448,0
2021-05-03T01:00:00Z,2039,0,2039,0
2021-05-03T02:00:00Z,693,0,693,0
2021-05-03T03:00:00Z,528,0,528,0
2021-05-03T04:00:00Z,1518,0,1518,0
2021-05-03T05:00:00Z,492,0,492,0
2021-05-03T06:00:00Z,290,0,290,1
2021-05-03T07:00:00Z,1644,0,1644,1
2021-05-03T08:00:00Z,374,0,374,1
2021-05-03T09:00:00Z,242,0,242,1
2021-05-03T10:00:00Z,301,0,301,1
2021-05-03T11:00:00Z,308,0,308,1
2021-05-03T12:00:00Z,202,0,202,1
2021-05-03T13:00:00Z,241,0,241,1
2021-05-03T14:00:00Z,149,0,149,1
2021-05-03T15:00:00Z,216,0,216,1
2021-05-03T16:00:00Z,69,0,69,1
2021-05-03T17:00:00Z,44,0,44,1
2021-05-03T18:00:00Z,137,0,137,1
2021-05-03T19:00:00Z,89,0,89,1
2021-05-03T20:00:00Z,435,0,435,1
2021-05-03T21:00:00Z,214,0,214,1
2021-05-03T22:00:00Z,614,0,614,0
2021-05-03T23:00:00Z,240,0,240,0
2021-05-04T00:00:00Z,0,455,455,0
2021-05-04T01:00:00Z,0,451,451,0
2021-05-04T02:00:00Z,0,432,432,0
2021-05-04T03:00:00Z,0,356,356,0
2021-05-04T04:00:00Z,0,413,413,0
2021-05-04T05:00:00Z,0,384,384,0
2021-05-04T06:00:00Z,0,276,276,1
2021-05-04T07:00:00Z,0,457,457,1
2021-05-04T08:00:00Z,0,299,299,1
2021-05-04T09:00:00Z,0,270,270,1
2021-05-04T10:00:00Z,0,1236,1236,1
2021-05-04T11:00:00Z,0,377,377,1
2021-05-04T12:00:00Z,0,255,255,1
2021-05-04T13:00:00Z,0,182,182,1
2021-05-04T14:00:00Z,0,255,255,1
2021-05-04T15:00:00Z,0,191,191,1
2021-05-04T16:00:00Z,102,1,103,1
2021-05-04T17:00:00Z,69,0,69,1
2021-05-04T18:00:00Z,118,0,118,1
2021-05-04T19:00:00Z,48,0,48,1
2021-05-04T20:00:00Z,163,0,163,1
2021-05-04T21:00:00Z,471,0,471,1
2021-05-04T22:00:00Z,570,0,570,0
2021-05-04T23:00:00Z,224,0,224,0
2021-05-05T00:00:00Z,0,383,383,0
2021-05-05T01:00:00Z,0,368,368,0
2021-05-05T02:00:00Z,0,113,113,0
2021-05-05T03:00:00Z,0,252,252,0
2021-05-05T04:00:00Z,0,287,287,0
2021-05-05T05:00:00Z,0,257,257,0
2021-05-05T06:00:00Z,0,208,208,1
2021-05-05T07:00:00Z,0,261,261,1
2021-05-05T08:00:00Z,0,951,951,1
2021-05-05T09:00:00Z,0,265,265,1
2021-05-05T10:00:00Z,0,225,225,1
2021-05-05T11:00:00Z,0,1291,1291,1
2021-05-05T12:00:00Z,0,285,285,1
2021-05-05T13:00:00Z,0,182,182,1
2021-05-05T14:00:00Z,0,229,229,1
2021-05-05T15:00:00Z,0,181,181,1
2021-05-05T16:00:00Z,113,1,114,1
2021-05-05T17:00:00Z,50,0,50,1
2021-05-05T18:00:00Z,127,0,127,1
2021-05-05T19:00:00Z,49,0,49,1
2021-05-05T20:00:00Z,115,0,115,1
2021-05-05T21:00:00Z,514,0,514,1
2021-05-05T22:00:00Z,286,0,286,0
2021-05-05T23:00:00Z,549,0,549,0
2021-05-06T00:00:00Z,1,356,357,0
2021-05-06T01:00:00Z,0,487,487,0
2021-05-06T02:00:00Z,0,290,290,0
2021-05-06T03:00:00Z,0,344,344,0
2021-05-06T04:00:00Z,0,307,307,0
2021-05-06T05:00:00Z,0,354,354,0
2021-05-06T06:00:00Z,0,358,358,1
2021-05-06T07:00:00Z,0,340,340,1
2021-05-06T08:00:00Z,0,331,331,1
2021-05-06T09:00:00Z,0,313,313,1
2021-05-06T10:00:00Z,0,319,319,1
2021-05-06T11:00:00Z,0,615,615,1
2021-05-06T12:00:00Z,0,352,352,1
2021-05-06T13:00:00Z,0,208,208,1
2021-05-06T14:00:00Z,0,226,226,1
2021-05-06T15:00:00Z,0,332,332,1
2021-05-06T16:00:00Z,153,1,154,1
2021-05-06T17:00:00Z,43,0,43,1
2021-05-06T18:00:00Z,118,0,118,1
2021-05-06T19:00:00Z,69,0,69,1
2021-05-06T20:00:00Z,67,0,67,1
2021-05-06T21:00:00Z,592,0,592,1
2021-05-06T22:00:00Z,101,0,101,0
2021-05-06T23:00:00Z,576,0,576,0
2021-05-07T00:00:00Z,1,567,568,0
2021-05-07T01:00:00Z,0,425,425,0
2021-05-07T02:00:00Z,0,210,210,0
2021-05-07T03:00:00Z,0,125,125,0
2021-05-07T04:00:00Z,0,123,123,0
2021-05-07T05:00:00Z,0,244,244,0
2021-05-07T06:00:00Z,0,112,112,1
2021-05-07T07:00:00Z,0,208,208,1
2021-05-07T08:00:00Z,0,144,144,1
2021-05-07T09:00:00Z,0,97,97,1
2021-05-07T10:00:00Z,0,459,459,1
2021-05-07T11:00:00Z,0,208,208,1
2021-05-07T12:00:00Z,0,210,210,1
2021-05-07T13:00:00Z,0,252,252,1
2021-05-07T14:00:00Z,0,187,187,1
2021-05-07T15:00:00Z,0,228,228,1
2021-05-07T16:00:00Z,96,0,96,1
2021-05-07T17:00:00Z,132,0,132,1
2021-05-07T18:00:00Z,43,0,43,1
2021-05-07T19:00:00Z,105,0,105,1
2021-05-07T20:00:00Z,553,0,553,1
2021-05-07T21:00:00Z,102,0,102,1
2021-05-07T22:00:00Z,574,0,574,0
2021-05-07T23:00:00Z,257,0,257,0
2021-05-08T00:00:00Z,1,428,429,0
2021-05-08T01:00:00Z,0,533,533,0
2021-05-08T02:00:00Z,0,110,110,0
2021-05-08T03:00:00Z,0,315,315,0
2021-05-08T04:00:00Z,0,213,213,0
2021-05-08T05:00:00Z,0,104,104,0
2021-05-08T06:00:00Z,0,220,220,1
2021-05-08T07:00:00Z,0,293,293,1
2021-05-08T08:00:00Z,0,330,330,1
2021-05-08T09:00:00Z,0,240,240,1
2021-05-08T10:00:00Z,0,357,357,1
2021-05-08T11:00:00Z,0,330,330,1
2021-05-08T12:00:00Z,0,240,240,1
2021-05-08T13:00:00Z,0,253,253,1
2021-05-08T14:00:00Z,0,194,194,1
2021-05-08T15:00:00Z,0,324,324,1
2021-05-08T16:00:00Z,194,1,195,1
2021-05-08T17:00:00Z,103,0,103,1
2021-05-08T18:00:00Z,103,0,103,1
2021-05-08T19:00:00Z,55,0,55,1
2021-05-08T20:00:00Z,568,0,568,1
2021-05-08T21:00:00Z,89,0,89,1
2021-05-08T22:00:00Z,772,0,772,0
2021-05-08T23:00:00Z,144,0,144,0
2021-05-09T00:00:00Z,377,0,377,0
2021-05-09T01:00:00Z,852,0,852,0
2021-05-09T02:00:00Z,558,0,558,0
2021-05-09T03:00:00Z,163,0,163,0
2021-05-09T04:00:00Z,640,0,640,0
2021-05-09T05:00:00Z,611,0,611,0
2021-05-09T06:00:00Z,1926,0,1926,1
2021-05-09T07:00:00Z,481,0,481,1
2021-05-09T08:00:00Z,2013,0,2013,1
2021-05-09T09:00:00Z,1987,0,1987,1
2021-05-09T10:00:00Z,330,0,330,1
2021-05-09T11:00:00Z,1633,0,1633,1
2021-05-09T12:00:00Z,312,0,312,1
2021-05-09T13:00:00Z,266,0,266,1
2021-05-09T14:00:00Z,234,0,234,1
2021-05-09T15:00:00Z,230,0,230,1
2021-05-09T16:00:00Z,143,0,143,1
2021-05-09T17:00:00Z,196,0,196,1
2021-05-09T18:00:00Z,90,0,90,1
2021-05-09T19:00:00Z,530,0,530,1
2021-05-09T20:00:00Z,114,0,114,1
2021-05-09T21:00:00Z,534,0,534,1
2021-05-09T22:00:00Z,43,0,43,0
2021-05-09T23:00:00Z,145,0,145,0
2021-05-10T00:00:00Z,131,0,131,0
2021-05-10T01:00:00Z,1986,0,1986,0
2021-05-10T02:00:00Z,558,0,558,0
2021-05-10T03:00:00Z,432,0,432,0
2021-05-10T04:00:00Z,2471,0,2471,0
2021-05-10T05:00:00Z,719,0,719,0
2021-05-10T06:00:00Z,525,0,525,1
2021-05-10T07:00:00Z,1773,0,1773,1
2021-05-10T08:00:00Z,522,0,522,1
2021-05-10T09:00:00Z,338,0,338,1
2021-05-10T10:00:00Z,310,0,310,1
2021-05-10T11:00:00Z,318,0,318,1
2021-05-10T12:00:00Z,302,0,302,1
2021-05-10T13:00:00Z,237,0,237,1
2021-05-10T14:00:00Z,190,0,190,1
2021-05-10T15:00:00Z,244,0,244,1
2021-05-10T16:00:00Z,67,0,67,1
2021-05-10T17:00:00Z,94,0,94,1
2021-05-10T18:00:00Z,88,0,88,1
2021-05-10T19:00:00Z,84,0,84,1
2021-05-10T20:00:00Z,522,0,522,1
2021-05-10T21:00:00Z,439,0,439,1
2021-05-10T22:00:00Z,175,0,175,0
2021-05-10T23:00:00Z,128,0,128,0
2021-05-11T00:00:00Z,0,186,186,0
2021-05-11T01:00:00Z,0,70,70,0
2021-05-11T02:00:00Z,0,79,79,0
2021-05-11T03:00:00Z,0,86,86,0
2021-05-11T04:00:00Z,0,63,63,0
2021-05-11T05:00:00Z,0,173,173,0
2021-05-11T06:00:00Z,0,355,355,1
2021-05-11T07:00:00Z,0,325,325,1
2021-05-11T08:00:00Z,0,366,366,1
2021-05-11T09:00:00Z,0,132,132,1
2021-05-11T10:00:00Z,0,287,287,1
2021-05-11T11:00:00Z,0,304,304,1
2021-05-11T12:00:00Z,0,204,204,1
2021-05-11T13:00:00Z,0,218,218,1
2021-05-11T14:00:00Z,0,204,204,1
2021-05-11T15:00:00Z,0,173,173,1
2021-05-11T16:00:00Z,120,0,120,1
2021-05-11T17:00:00Z,57,0,57,1
2021-05-11T18:00:00Z,103,0,103,1
2021-05-11T19:00:00Z,172,0,172,1
2021-05-11T20:00:00Z,393,0,393,1
2021-05-11T21:00:00Z,503,0,503,1
2021-05-11T22:00:00Z,74,0,74,0
2021-05-11T23:00:00Z,235,0,235,0
2021-05-12T00:00:00Z,0,416,416,0
2021-05-12T01:00:00Z,0,371,371,0
2021-05-12T02:00:00Z,0,326,326,0
2021-05-12T03:00:00Z,0,392,392,0
2021-05-12T04:00:00Z,0,379,379,0
2021-05-12T05:00:00Z,0,438,438,0
2021-05-12T06:00:00Z,0,303,303,1
2021-05-12T07:00:00Z,0,325,325,1
2021-05-12T08:00:00Z,0,415,415,1
2021-05-12T09:00:00Z,0,324,324,1
2021-05-12T10:00:00Z,0,355,355,1
2021-05-12T11:00:00Z,0,288,288,1
2021-05-12T12:00:00Z,0,215,215,1
2021-05-12T13:00:00Z,0,205,205,1
2021-05-12T14:00:00Z,0,171,171,1
2021-05-12T15:00:00Z,0,214,214,1
2021-05-12T16:00:00Z,99,0,99,1
2021-05-12T17:00:00Z,63,0,63,1
2021-05-12T18:00:00Z,112,0,112,1
2021-05-12T19:00:00Z,60,0,60,1
2021-05-12T20:00:00Z,556,0,556,1
2021-05-12T21:00:00Z,390,0,390,1
2021-05-12T22:00:00Z,233,0,233,0
2021-05-12T23:00:00Z,225,0,225,0
2021-05-13T00:00:00Z,0,438,438,0
2021-05-13T01:00:00Z,0,245,245,0
2021-05-13T02:00:00Z,0,348,348,0
2021-05-13T03:00:00Z,0,376,376,0
2021-05-13T04:00:00Z,0,355,355,0
2021-05-13T05:00:00Z,0,354,354,0
2021-05-13T06:00:00Z,0,315,315,1
2021-05-13T07:00:00Z,0,396,396,1
2021-05-13T08:00:00Z,0,430,430,1
2021-05-13T09:00:00Z,0,375,375,1
2021-05-13T10:00:00Z,0,326,326,1
2021-05-13T11:00:00Z,0,341,341,1
2021-05-13T12:00:00Z,0,213,213,1
2021-05-13T13:00:00Z,0,185,185,1
2021-05-13T14:00:00Z,0,227,227,1
2021-05-13T15:00:00Z,0,176,176,1
2021-05-13T16:00:00Z,102,0,102,1
2021-05-13T17:00:00Z,82,0,82,1
2021-05-13T18:00:00Z,81,0,81,1
2021-05-13T19:00:00Z,93,0,93,1
2021-05-13T20:00:00Z,84,0,84,1
2021-05-13T21:00:00Z,546,0,546,1
2021-05-13T22:00:00Z,454,0,454,0
2021-05-13T23:00:00Z,196,0,196,0
2021-05-14T00:00:00Z,372,0,372,0
2021-05-14T01:00:00Z,1033,0,1033,0
2021-05-14T02:00:00Z,684,0,684,0
2021-05-14T03:00:00Z,379,0,379,0
2021-05-14T04:00:00Z,546,0,546,0
2021-05-14T05:00:00Z,43,0,43,0
2021-05-14T06:00:00Z,124,0,124,1
2021-05-14T07:00:00Z,45,0,45,1
2021-05-14T08:00:00Z,587,0,587,1
2021-05-14T09:00:00Z,306,0,306,1
2021-05-14T10:00:00Z,244,0,244,1
2021-05-14T11:00:00Z,207,0,207,1
2021-05-14T12:00:00Z,1167,0,1167,1
2021-05-14T13:00:00Z,181,0,181,1
2021-05-14T14:00:00Z,225,0,225,1
2021-05-14T15:00:00Z,137,0,137,1
2021-05-14T16:00:00Z,126,0,126,1
2021-05-14T17:00:00Z,44,0,44,1
2021-05-14T18:00:00Z,125,0,125,1
2021-05-14T19:00:00Z,52,0,52,1
2021-05-14T20:00:00Z,319,0,319,1
2021-05-14T21:00:00Z,321,0,321,1
2021-05-14T22:00:00Z,520,0,520,0
2021-05-14T23:00:00Z,119,0,119,0
2021-05-15T00:00:00Z,0,715,715,0
2021-05-15T01:00:00Z,0,521,521,0
2021-05-15T02:00:00Z,0,1942,1942,0
2021-05-15T03:00:00Z,0,454,454,0
2021-05-15T04:00:00Z,0,138,138,0
2021-05-15T05:00:00Z,0,116,116,0
2021-05-15T06:00:00Z,0,113,113,1
2021-05-15T07:00:00Z,0,80,80,1
2021-05-15T08:00:00Z,0,271,271,1
2021-05-15T09:00:00Z,0,65,65,1
2021-05-15T10:00:00Z,0,1276,1276,1
2021-05-15T11:00:00Z,0,1235,1235,1
2021-05-15T12:00:00Z,0,1205,1205,1
2021-05-15T13:00:00Z,0,1119,1119,1
2021-05-15T14:00:00Z,0,1168,1168,1
2021-05-15T15:00:00Z,0,379,379,1
2021-05-15T16:00:00Z,135,0,135,1
2021-05-15T17:00:00Z,57,0,57,1
2021-05-15T18:00:00Z,121,0,121,1
2021-05-15T19:00:00Z,51,0,51,1
2021-05-15T20:00:00Z,134,0,134,1
2021-05-15T21:00:00Z,460,0,460,1
2021-05-15T22:00:00Z,182,0,182,0
2021-05-15T23:00:00Z,492,0,492,0
2021-05-16T00:00:00Z,374,0,374,0
2021-05-16T01:00:00Z,373,0,373,0
2021-05-16T02:00:00Z,485,0,485,0
2021-05-16T03:00:00Z,2227,0,2227,0
2021-05-16T04:00:00Z,1979,0,1979,0
2021-05-16T05:00:00Z,2198,0,2198,0
2021-05-16T06:00:00Z,513,0,513,1
2021-05-16T07:00:00Z,283,0,283,1
2021-05-16T08:00:00Z,2069,0,2069,1
2021-05-16T09:00:00Z,426,0,426,1
2021-05-16T10:00:00Z,178,0,178,1
2021-05-16T11:00:00Z,510,0,510,1
2021-05-16T12:00:00Z,266,0,266,1
2021-05-16T13:00:00Z,298,0,298,1
2021-05-16T14:00:00Z,812,0,812,1
2021-05-16T15:00:00Z,368,0,368,1
2021-05-16T16:00:00Z,72,0,72,1
2021-05-16T17:00:00Z,115,0,115,1
2021-05-16T18:00:00Z,44,0,44,1
2021-05-16T19:00:00Z,139,0,139,1
2021-05-16T20:00:00Z,54,0,54,1
2021-05-16T21:00:00Z,572,0,572,1
2021-05-16T22:00:00Z,519,0,519,0
2021-05-16T23:00:00Z,107,0,107,0
2021-05-17T00:00:00Z,290,0,290,0
2021-05-17T01:00:00Z,313,0,313,0
2021-05-17T02:00:00Z,959,0,959,0
2021-05-17T03:00:00Z,908,0,908,0
2021-05-17T04:00:00Z,532,0,532,0
2021-05-17T05:00:00Z,901,0,901,0
2021-05-17T06:00:00Z,526,0,526,1
2021-05-17T07:00:00Z,304,0,304,1
2021-05-17T08:00:00Z,538,0,538,1
2021-05-17T09:00:00Z,1545,0,1545,1
2021-05-17T10:00:00Z,308,0,308,1
2021-05-17T11:00:00Z,277,0,277,1
2021-05-17T12:00:00Z,234,0,234,1
2021-05-17T13:00:00Z,246,0,246,1
2021-05-17T14:00:00Z,211,0,211,1
2021-05-17T15:00:00Z,182,0,182,1
2021-05-17T16:00:00Z,116,0,116,1
2021-05-17T17:00:00Z,72,0,72,1
2021-05-17T18:00:00Z,79,0,79,1
2021-05-17T19:00:00Z,112,0,112,1
2021-05-17T20:00:00Z,53,0,53,1
2021-05-17T21:00:00Z,589,0,589,1
2021-05-17T22:00:00Z,287,0,287,0
2021-05-17T23:00:00Z,629,0,629,0
2021-05-18T00:00:00Z,0,329,329,0
2021-05-18T01:00:00Z,0,392,392,0
2021-05-18T02:00:00Z,0,263,263,0
2021-05-18T03:00:00Z,0,352,352,0
2021-05-18T04:00:00Z,0,444,444,0
2021-05-18T05:00:00Z,0,324,324,0
2021-05-18T06:00:00Z,0,347,347,1
2021-05-18T07:00:00Z,0,302,302,1
2021-05-18T08:00:00Z,0,397,397,1
2021-05-18T09:00:00Z,0,273,273,1
2021-05-18T10:00:00Z,0,628,628,1
2021-05-18T11:00:00Z,0,792,792,1
2021-05-18T12:00:00Z,0,710,710,1
2021-05-18T13:00:00Z,0,645,645,1
2021-05-18T14:00:00Z,0,189,189,1
2021-05-18T15:00:00Z,0,219,219,1
2021-05-18T16:00:00Z,58,0,58,1
2021-05-18T17:00:00Z,99,0,99,1
2021-05-18T18:00:00Z,62,0,62,1
2021-05-18T19:00:00Z,105,0,105,1
2021-05-18T20:00:00Z,57,0,57,1
2021-05-18T21:00:00Z,109,0,109,1
2021-05-18T22:00:00Z,51,0,51,0
2021-05-18T23:00:00Z,263,0,263,0
2021-05-19T00:00:00Z,0,127,127,0
2021-05-19T01:00:00Z,0,112,112,0
2021-05-19T02:00:00Z,0,46,46,0
2021-05-19T03:00:00Z,0,94,94,0
2021-05-19T04:00:00Z,0,66,66,0
2021-05-19T05:00:00Z,0,72,72,0
2021-05-19T06:00:00Z,0,91,91,1
2021-05-19T07:00:00Z,0,43,43,1
2021-05-19T08:00:00Z,0,122,122,1
2021-05-19T09:00:00Z,0,52,52,1
2021-05-19T10:00:00Z,0,484,484,1
2021-05-19T11:00:00Z,0,232,232,1
2021-05-19T12:00:00Z,0,256,256,1
2021-05-19T13:00:00Z,0,182,182,1
2021-05-19T14:00:00Z,0,211,211,1
2021-05-19T15:00:00Z,0,181,181,1
2021-05-19T16:00:00Z,139,1,140,1
2021-05-19T17:00:00Z,80,0,80,1
2021-05-19T18:00:00Z,88,0,88,1
2021-05-19T19:00:00Z,74,0,74,1
2021-05-19T20:00:00Z,511,0,511,1
2021-05-19T21:00:00Z,86,0,86,1
2021-05-19T22:00:00Z,541,0,541,0
2021-05-19T23:00:00Z,177,0,177,0
2021-05-20T00:00:00Z,1,229,230,0
2021-05-20T01:00:00Z,0,39,39,0
2021-05-20T02:00:00Z,0,115,115,0
2021-05-20T03:00:00Z,0,40,40,0
2021-05-20T04:00:00Z,0,100,100,0
2021-05-20T05:00:00Z,0,61,61,0
2021-05-20T06:00:00Z,0,70,70,1
2021-05-20T07:00:00Z,0,90,90,1
2021-05-20T08:00:00Z,0,40,40,1
2021-05-20T09:00:00Z,0,144,144,1
2021-05-20T10:00:00Z,0,375,375,1
2021-05-20T11:00:00Z,0,260,260,1
2021-05-20T12:00:00Z,0,254,254,1
2021-05-20T13:00:00Z,0,185,185,1
2021-05-20T14:00:00Z,0,226,226,1
2021-05-20T15:00:00Z,0,207,207,1
2021-05-20T16:00:00Z,86,0,86,1
2021-05-20T17:00:00Z,77,0,77,1
2021-05-20T18:00:00Z,92,0,92,1
2021-05-20T19:00:00Z,69,0,69,1
2021-05-20T20:00:00Z,116,0,116,1
2021-05-20T21:00:00Z,514,0,514,1
2021-05-20T22:00:00Z,440,0,440,0
2021-05-20T23:00:00Z,401,0,401,0
2021-05-21T00:00:00Z,1,449,450,0
2021-05-21T01:00:00Z,0,454,454,0
2021-05-21T02:00:00Z,0,319,319,0
2021-05-21T03:00:00Z,0,371,371,0
2021-05-21T04:00:00Z,0,358,358,0
2021-05-21T05:00:00Z,0,353,353,0
2021-05-21T06:00:00Z,0,412,412,1
2021-05-21T07:00:00Z,0,328,328,1
2021-05-21T08:00:00Z,0,305,305,1
2021-05-21T09:00:00Z,0,327,327,1
2021-05-21T10:00:00Z,0,435,435,1
2021-05-21T11:00:00Z,0,427,427,1
2021-05-21T12:00:00Z,0,256,256,1
2021-05-21T13:00:00Z,0,163,163,1
2021-05-21T14:00:00Z,0,229,229,1
2021-05-21T15:00:00Z,0,160,160,1
2021-05-21T16:00:00Z,481,1,482,1
2021-05-21T17:00:00Z,190,0,190,1
2021-05-21T18:00:00Z,538,0,538,1
2021-05-21T19:00:00Z,48,0,48,1
2021-05-21T20:00:00Z,113,0,113,1
2021-05-21T21:00:00Z,40,0,40,1
2021-05-21T22:00:00Z,126,0,126,0
2021-05-21T23:00:00Z,69,0,69,0
2021-05-22T00:00:00Z,0,457,457,0
2021-05-22T01:00:00Z,0,277,277,0
2021-05-22T02:00:00Z,0,657,657,0
2021-05-22T03:00:00Z,0,439,439,0
2021-05-22T04:00:00Z,0,292,292,0
2021-05-22T05:00:00Z,0,2652,2652,0
2021-05-22T06:00:00Z,0,834,834,1
2021-05-22T08:00:00Z,0,285,285,1
2021-05-22T09:00:00Z,0,256,256,1
2021-05-22T10:00:00Z,0,306,306,1
2021-05-22T11:00:00Z,0,275,275,1
2021-05-22T12:00:00Z,0,388,388,1
2021-05-22T13:00:00Z,0,232,232,1
2021-05-22T14:00:00Z,0,180,180,1
2021-05-22T15:00:00Z,0,197,197,1
2021-05-22T16:00:00Z,149,1,150,1
2021-05-22T17:00:00Z,69,0,69,1
2021-05-22T18:00:00Z,113,0,113,1
2021-05-22T19:00:00Z,55,0,55,1
2021-05-22T20:00:00Z,114,0,114,1
2021-05-22T21:00:00Z,469,0,469,1
2021-05-22T22:00:00Z,134,0,134,0
2021-05-22T23:00:00Z,546,0,546,0
2021-05-23T00:00:00Z,339,0,339,0
2021-05-23T01:00:00Z,596,0,596,0
2021-05-23T02:00:00Z,372,0,372,0
2021-05-23T03:00:00Z,2558,0,2558,0
2021-05-23T04:00:00Z,1057,0,1057,0
2021-05-23T05:00:00Z,409,0,409,0
2021-05-23T06:00:00Z,675,0,675,1
2021-05-23T07:00:00Z,1361,0,1361,1
2021-05-23T08:00:00Z,285,0,285,1
2021-05-23T09:00:00Z,440,0,440,1
2021-05-23T10:00:00Z,485,0,485,1
2021-05-23T11:00:00Z,736,0,736,1
2021-05-23T12:00:00Z,205,0,205,1
2021-05-23T13:00:00Z,213,0,213,1
2021-05-23T14:00:00Z,192,0,192,1
2021-05-23T15:00:00Z,208,0,208,1
2021-05-23T16:00:00Z,153,0,153,1
2021-05-23T17:00:00Z,121,0,121,1
2021-05-23T18:00:00Z,43,0,43,1
2021-05-23T19:00:00Z,129,0,129,1
2021-05-23T20:00:00Z,60,0,60,1
2021-05-23T21:00:00Z,461,0,461,1
2021-05-23T22:00:00Z,142,0,142,0
2021-05-23T23:00:00Z,468,0,468,0
2021-05-24T00:00:00Z,306,0,306,0
2021-05-24T01:00:00Z,382,0,382,0
2021-05-24T02:00:00Z,365,0,365,0
2021-05-24T03:00:00Z,994,0,994,0
2021-05-24T04:00:00Z,513,0,513,0
2021-05-24T05:00:00Z,2164,0,2164,0
2021-05-24T06:00:00Z,1259,0,1259,1
2021-05-24T07:00:00Z,1243,0,1243,1
2021-05-24T08:00:00Z,422,0,422,1
2021-05-24T09:00:00Z,1876,0,1876,1
2021-05-24T10:00:00Z,707,0,707,1
2021-05-24T11:00:00Z,1021,0,1021,1
2021-05-24T12:00:00Z,693,0,693,1
2021-05-24T13:00:00Z,340,0,340,1
2021-05-24T14:00:00Z,662,0,662,1
2021-05-24T15:00:00Z,234,0,234,1
2021-05-24T16:00:00Z,164,0,164,1
2021-05-24T17:00:00Z,92,0,92,1
2021-05-24T18:00:00Z,84,0,84,1
2021-05-24T19:00:00Z,427,0,427,1
2021-05-24T20:00:00Z,108,0,108,1
2021-05-24T21:00:00Z,513,0,513,1
2021-05-24T22:00:00Z,82,0,82,0
2021-05-24T23:00:00Z,106,0,106,0
2021-05-25T00:00:00Z,345,0,345,0
2021-05-25T01:00:00Z,416,0,416,0
2021-05-25T02:00:00Z,1087,0,1087,0
2021-05-25T03:00:00Z,273,0,273,0
2021-05-25T04:00:00Z,1197,0,1197,0
2021-05-25T05:00:00Z,680,0,680,0
2021-05-25T06:00:00Z,501,0,501,1
2021-05-25T07:00:00Z,531,0,531,1
2021-05-25T08:00:00Z,883,0,883,1
2021-05-25T09:00:00Z,998,0,998,1
2021-05-25T10:00:00Z,1083,0,1083,1
2021-05-25T11:00:00Z,1138,0,1138,1
2021-05-25T12:00:00Z,1790,0,1790,1
2021-05-25T13:00:00Z,222,0,222,1
2021-05-25T14:00:00Z,166,0,166,1
2021-05-25T15:00:00Z,220,0,220,1
2021-05-25T16:00:00Z,80,0,80,1
2021-05-25T17:00:00Z,78,0,78,1
2021-05-25T18:00:00Z,99,0,99,1
2021-05-25T19:00:00Z,70,0,70,1
2021-05-25T20:00:00Z,477,0,477,1
2021-05-25T21:00:00Z,114,0,114,1
2021-05-25T22:00:00Z,537,0,537,0
2021-05-25T23:00:00Z,284,0,284,0
2021-05-26T00:00:00Z,1,267,268,0
2021-05-26T01:00:00Z,0,44,44,0
2021-05-26T02:00:00Z,0,107,107,0
2021-05-26T03:00:00Z,0,49,49,0
2021-05-26T04:00:00Z,0,95,95,0
2021-05-26T05:00:00Z,0,65,65,0
2021-05-26T06:00:00Z,0,76,76,1
2021-05-26T07:00:00Z,0,84,84,1
2021-05-26T08:00:00Z,0,53,53,1
2021-05-26T09:00:00Z,0,176,176,1
2021-05-26T10:00:00Z,0,609,609,1
2021-05-26T11:00:00Z,0,278,278,1
2021-05-26T12:00:00Z,0,256,256,1
2021-05-26T13:00:00Z,0,1398,1398,1
2021-05-26T14:00:00Z,0,226,226,1
2021-05-26T15:00:00Z,0,218,218,1
2021-05-26T16:00:00Z,103,0,103,1
2021-05-26T17:00:00Z,76,0,76,1
2021-05-26T18:00:00Z,97,0,97,1
2021-05-26T19:00:00Z,56,0,56,1
2021-05-26T20:00:00Z,604,0,604,1
2021-05-26T21:00:00Z,152,0,152,1
2021-05-26T22:00:00Z,496,0,496,0
2021-05-26T23:00:00Z,276,0,276,0
2021-05-27T00:00:00Z,1,448,449,0
2021-05-27T01:00:00Z,0,250,250,0
2021-05-27T02:00:00Z,0,323,323,0
2021-05-27T03:00:00Z,0,344,344,0
2021-05-27T04:00:00Z,0,394,394,0
2021-05-27T05:00:00Z,0,321,321,0
2021-05-27T06:00:00Z,0,384,384,1
2021-05-27T07:00:00Z,0,357,357,1
2021-05-27T08:00:00Z,0,301,301,1
2021-05-27T09:00:00Z,0,355,355,1
2021-05-27T10:00:00Z,0,363,363,1
2021-05-27T11:00:00Z,0,252,252,1
2021-05-27T12:00:00Z,0,194,194,1
2021-05-27T13:00:00Z,0,230,230,1
2021-05-27T14:00:00Z,0,187,187,1
2021-05-27T15:00:00Z,0,183,183,1
2021-05-27T16:00:00Z,104,0,104,1
2021-05-27T17:00:00Z,59,0,59,1
2021-05-27T18:00:00Z,105,0,105,1
2021-05-27T19:00:00Z,253,0,253,1
2021-05-27T20:00:00Z,390,0,390,1
2021-05-27T21:00:00Z,465,0,465,1
2021-05-27T22:00:00Z,371,0,371,0
2021-05-27T23:00:00Z,304,0,304,0
2021-05-28T00:00:00Z,1,1002,1003,0
2021-05-28T01:00:00Z,0,444,444,0
2021-05-28T02:00:00Z,0,334,334,0
2021-05-28T03:00:00Z,0,381,381,0
2021-05-28T04:00:00Z,0,317,317,0
2021-05-28T05:00:00Z,0,2228,2228,0
2021-05-28T06:00:00Z,0,662,662,1
2021-05-28T07:00:00Z,0,424,424,1
2021-05-28T08:00:00Z,0,283,283,1
2021-05-28T09:00:00Z,0,187,187,1
2021-05-28T10:00:00Z,0,224,224,1
2021-05-28T11:00:00Z,0,303,303,1
2021-05-28T12:00:00Z,0,785,785,1
2021-05-28T13:00:00Z,0,1087,1087,1
2021-05-28T14:00:00Z,0,186,186,1
2021-05-28T15:00:00Z,0,204,204,1
2021-05-28T16:00:00Z,135,1,136,1
2021-05-28T17:00:00Z,85,0,85,1
2021-05-28T18:00:00Z,72,0,72,1
2021-05-28T19:00:00Z,102,0,102,1
2021-05-28T20:00:00Z,480,0,480,1
2021-05-28T21:00:00Z,153,0,153,1
2021-05-28T22:00:00Z,500,0,500,0
2021-05-28T23:00:00Z,421,0,421,0
2021-05-29T00:00:00Z,0,952,952,0
2021-05-29T01:00:00Z,0,478,478,0
2021-05-29T02:00:00Z,0,308,308,0
2021-05-29T03:00:00Z,0,513,513,0
2021-05-29T04:00:00Z,0,1522,1522,0
2021-05-29T05:00:00Z,0,607,607,0
2021-05-29T06:00:00Z,0,297,297,1
2021-05-29T07:00:00Z,0,228,228,1
2021-05-29T08:00:00Z,0,1895,1895,1
2021-05-29T09:00:00Z,0,715,715,1
2021-05-29T10:00:00Z,0,267,267,1
2021-05-29T11:00:00Z,0,239,239,1
2021-05-29T12:00:00Z,0,283,283,1
2021-05-29T13:00:00Z,0,214,214,1
2021-05-29T14:00:00Z,0,205,205,1
2021-05-29T15:00:00Z,0,236,236,1
2021-05-29T16:00:00Z,79,1,80,1
2021-05-29T17:00:00Z,119,0,119,1
2021-05-29T18:00:00Z,44,0,44,1
2021-05-29T19:00:00Z,123,0,123,1
2021-05-29T20:00:00Z,464,0,464,1
2021-05-29T21:00:00Z,187,0,187,1
2021-05-29T22:00:00Z,425,0,425,0
2021-05-29T23:00:00Z,360,0,360,0
2021-05-30T00:00:00Z,329,0,329,0
2021-05-30T01:00:00Z,531,0,531,0
2021-05-30T02:00:00Z,321,0,321,0
2021-05-30T03:00:00Z,83,0,83,0
2021-05-30T04:00:00Z,86,0,86,0
2021-05-30T05:00:00Z,71,0,71,0
2021-05-30T06:00:00Z,82,0,82,1
2021-05-30T07:00:00Z,74,0,74,1
2021-05-30T08:00:00Z,76,0,76,1
2021-05-30T09:00:00Z,80,0,80,1
2021-05-30T10:00:00Z,76,0,76,1
2021-05-30T11:00:00Z,79,0,79,1
2021-05-30T12:00:00Z,81,0,81,1
2021-05-30T13:00:00Z,82,0,82,1
2021-05-30T14:00:00Z,86,0,86,1
2021-05-30T15:00:00Z,80,0,80,1
2021-05-30T16:00:00Z,68,0,68,1
2021-05-30T17:00:00Z,85,0,85,1
2021-05-30T18:00:00Z,70,0,70,1
2021-05-30T19:00:00Z,79,0,79,1
2021-05-30T20:00:00Z,79,0,79,1
2021-05-30T21:00:00Z,65,0,65,1
2021-05-30T22:00:00Z,89,0,89,0
2021-05-30T23:00:00Z,74,0,74,0
2021-05-31T00:00:00Z,116,0,116,0
2021-05-31T01:00:00Z,39,0,39,0
2021-05-31T02:00:00Z,114,0,114,0
2021-05-31T03:00:00Z,39,0,39,0
2021-05-31T04:00:00Z,112,0,112,0
2021-05-31T05:00:00Z,38,0,38,0
2021-05-31T06:00:00Z,113,0,113,1
2021-05-31T07:00:00Z,38,0,38,1
2021-05-31T08:00:00Z,142,0,142,1
2021-05-31T09:00:00Z,524,0,524,1
2021-05-31T10:00:00Z,1622,0,1622,1
2021-05-31T11:00:00Z,735,0,735,1
2021-05-31T12:00:00Z,243,0,243,1
2021-05-31T13:00:00Z,211,0,211,1
2021-05-31T14:00:00Z,200,0,200,1
2021-05-31T15:00:00Z,93,0,93,1
2021-05-31T16:00:00Z,109,0,109,1
2021-05-31T17:00:00Z,67,0,67,1
2021-05-31T18:00:00Z,88,0,88,1
2021-05-31T19:00:00Z,517,0,517,1
2021-05-31T20:00:00Z,92,0,92,1
2021-05-31T21:00:00Z,528,0,528,1
2021-05-31T22:00:00Z,44,0,44,0
2021-05-31T23:00:00Z,144,0,144,0
2021-06-01T00:00:00Z,0,222,222,0
2021-06-01T01:00:00Z,0,78,78,0
2021-06-01T02:00:00Z,0,88,88,0
2021-06-01T03:00:00Z,0,60,60,0
2021-06-01T04:00:00Z,0,104,104,0
2021-06-01T05:00:00Z,0,43,43,0
2021-06-01T06:00:00Z,0,105,105,1
2021-06-01T07:00:00Z,0,54,54,1
2021-06-01T08:00:00Z,0,93,93,1
2021-06-01T09:00:00Z,0,74,74,1
2021-06-01T10:00:00Z,0,343,343,1
2021-06-01T11:00:00Z,0,214,214,1
2021-06-01T12:00:00Z,0,168,168,1
2021-06-01T13:00:00Z,0,198,198,1
2021-06-01T14:00:00Z,0,221,221,1
2021-06-01T15:00:00Z,0,160,160,1
2021-06-01T16:00:00Z,115,0,115,1
2021-06-01T17:00:00Z,80,0,80,1
2021-06-01T18:00:00Z,72,0,72,1
2021-06-01T19:00:00Z,219,0,219,1
2021-06-01T20:00:00Z,357,0,357,1
2021-06-01T21:00:00Z,534,0,534,1
2021-06-01T22:00:00Z,74,0,74,0
2021-06-01T23:00:00Z,319,0,319,0
2021-06-02T00:00:00Z,1,446,447,0
2021-06-02T01:00:00Z,0,256,256,0
2021-06-02T02:00:00Z,0,959,959,0
2021-06-02T03:00:00Z,0,358,358,0
2021-06-02T04:00:00Z,0,473,473,0
2021-06-02T05:00:00Z,0,364,364,0
2021-06-02T06:00:00Z,0,255,255,1
2021-06-02T07:00:00Z,0,1431,1431,1
2021-06-02T08:00:00Z,0,343,343,1
2021-06-02T09:00:00Z,0,186,186,1
2021-06-02T10:00:00Z,0,275,275,1
2021-06-02T11:00:00Z,0,250,250,1
2021-06-02T12:00:00Z,0,198,198,1
2021-06-02T13:00:00Z,0,195,195,1
2021-06-02T14:00:00Z,0,202,202,1
2021-06-02T15:00:00Z,0,236,236,1
2021-06-02T16:00:00Z,111,0,111,1
2021-06-02T17:00:00Z,77,0,77,1
2021-06-02T18:00:00Z,75,0,75,1
2021-06-02T19:00:00Z,106,0,106,1
2021-06-02T20:00:00Z,492,0,492,1
2021-06-02T21:00:00Z,137,0,137,1
2021-06-02T22:00:00Z,430,0,430,0
2021-06-02T23:00:00Z,111,0,111,0
2021-06-03T00:00:00Z,0,204,204,0
2021-06-03T01:00:00Z,0,57,57,0
2021-06-03T02:00:00Z,0,89,89,0
2021-06-03T03:00:00Z,0,96,96,0
2021-06-03T04:00:00Z,0,66,66,0
2021-06-03T05:00:00Z,0,70,70,0
2021-06-03T06:00:00Z,0,261,261,1
2021-06-03T07:00:00Z,0,152,152,1
2021-06-03T08:00:00Z,0,317,317,1
2021-06-03T09:00:00Z,0,182,182,1
2021-06-03T10:00:00Z,0,347,347,1
2021-06-03T11:00:00Z,0,567,567,1
2021-06-03T12:00:00Z,0,196,196,1
2021-06-03T13:00:00Z,0,199,199,1
2021-06-03T14:00:00Z,0,197,197,1
2021-06-03T15:00:00Z,0,179,179,1
2021-06-03T16:00:00Z,83,0,83,1
2021-06-03T17:00:00Z,97,0,97,1
2021-06-03T18:00:00Z,97,0,97,1
2021-06-03T19:00:00Z,371,0,371,1
2021-06-03T20:00:00Z,214,0,214,1
2021-06-03T21:00:00Z,488,0,488,1
2021-06-03T22:00:00Z,99,0,99,0
2021-06-03T23:00:00Z,321,0,321,0
2021-06-04T00:00:00Z,0,432,432,0
2021-06-04T01:00:00Z,0,380,380,0
2021-06-04T02:00:00Z,0,326,326,0
2021-06-04T03:00:00Z,0,300,300,0
2021-06-04T04:00:00Z,0,243,243,0
2021-06-04T05:00:00Z,0,295,295,0
2021-06-04T06:00:00Z,0,263,263,1
2021-06-04T07:00:00Z,0,262,262,1
2021-06-04T08:00:00Z,0,106,106,1
2021-06-04T09:00:00Z,0,172,172,1
2021-06-04T10:00:00Z,0,265,265,1
2021-06-04T11:00:00Z,0,1264,1264,1
2021-06-04T12:00:00Z,0,243,243,1
2021-06-04T13:00:00Z,0,220,220,1
2021-06-04T14:00:00Z,0,204,204,1
2021-06-04T15:00:00Z,0,226,226,1
2021-06-04T16:00:00Z,117,0,117,1
2021-06-04T17:00:00Z,96,0,96,1
2021-06-04T18:00:00Z,89,0,89,1
2021-06-04T19:00:00Z,96,0,96,1
2021-06-04T20:00:00Z,477,0,477,1
2021-06-04T21:00:00Z,120,0,120,1
2021-06-04T22:00:00Z,542,0,542,0
2021-06-04T23:00:00Z,218,0,218,0
2021-06-05T00:00:00Z,1,613,614,0
2021-06-05T01:00:00Z,0,438,438,0
2021-06-05T02:00:00Z,0,140,140,0
2021-06-05T03:00:00Z,0,185,185,0
2021-06-05T04:00:00Z,0,382,382,0
2021-06-05T05:00:00Z,0,257,257,0
2021-06-05T06:00:00Z,0,265,265,1
2021-06-05T07:00:00Z,0,303,303,1
2021-06-05T08:00:00Z,0,171,171,1
2021-06-05T09:00:00Z,0,85,85,1
2021-06-05T10:00:00Z,0,88,88,1
2021-06-05T11:00:00Z,0,650,650,1
2021-06-05T12:00:00Z,0,214,214,1
2021-06-05T13:00:00Z,0,208,208,1
2021-06-05T14:00:00Z,0,194,194,1
2021-06-05T15:00:00Z,0,221,221,1
2021-06-05T16:00:00Z,105,1,106,1
2021-06-05T17:00:00Z,87,0,87,1
2021-06-05T18:00:00Z,98,0,98,1
2021-06-05T19:00:00Z,103,0,103,1
2021-06-05T20:00:00Z,457,0,457,1
2021-06-05T21:00:00Z,108,0,108,1
2021-06-05T22:00:00Z,460,0,460,0
2021-06-05T23:00:00Z,81,0,81,0
2021-06-06T00:00:00Z,312,0,312,0
2021-06-06T01:00:00Z,530,0,530,0
2021-06-06T02:00:00Z,626,0,626,0
2021-06-06T03:00:00Z,2281,0,2281,0
2021-06-06T04:00:00Z,2588,0,2588,0
2021-06-06T06:00:00Z,968,0,968,1
2021-06-06T07:00:00Z,345,0,345,1
2021-06-06T08:00:00Z,188,0,188,1
2021-06-06T09:00:00Z,66,0,66,1
2021-06-06T10:00:00Z,114,0,114,1
2021-06-06T11:00:00Z,570,0,570,1
2021-06-06T12:00:00Z,216,0,216,1
2021-06-06T13:00:00Z,712,0,712,1
2021-06-06T14:00:00Z,181,0,181,1
2021-06-06T15:00:00Z,162,0,162,1
2021-06-06T16:00:00Z,101,0,101,1
2021-06-06T17:00:00Z,98,0,98,1
2021-06-06T18:00:00Z,66,0,66,1
2021-06-06T19:00:00Z,463,0,463,1
2021-06-06T20:00:00Z,160,0,160,1
2021-06-06T21:00:00Z,489,0,489,1
2021-06-06T22:00:00Z,58,0,58,0
2021-06-06T23:00:00Z,98,0,98,0
2021-06-07T00:00:00Z,305,0,305,0
2021-06-07T01:00:00Z,853,0,853,0
2021-06-07T02:00:00Z,430,0,430,0
2021-06-07T03:00:00Z,403,0,403,0
2021-06-07T04:00:00Z,294,0,294,0
2021-06-07T05:00:00Z,268,0,268,0
2021-06-07T06:00:00Z,1898,0,1898,1
2021-06-07T07:00:00Z,453,0,453,1
2021-06-07T08:00:00Z,281,0,281,1
2021-06-07T09:00:00Z,232,0,232,1
2021-06-07T10:00:00Z,218,0,218,1
2021-06-07T11:00:00Z,1087,0,1087,1
2021-06-07T12:00:00Z,307,0,307,1
2021-06-07T13:00:00Z,251,0,251,1
2021-06-07T14:00:00Z,530,0,530,1
2021-06-07T15:00:00Z,1032,0,1032,1
2021-06-07T16:00:00Z,76,0,76,1
2021-06-07T17:00:00Z,101,0,101,1
2021-06-07T18:00:00Z,99,0,99,1
2021-06-07T19:00:00Z,453,0,453,1
2021-06-07T20:00:00Z,147,0,147,1
2021-06-07T21:00:00Z,512,0,512,1
2021-06-07T22:00:00Z,65,0,65,0
2021-06-07T23:00:00Z,98,0,98,0
2021-06-08T00:00:00Z,0,229,229,0
2021-06-08T01:00:00Z,0,57,57,0
2021-06-08T02:00:00Z,0,85,85,0
2021-06-08T03:00:00Z,0,93,93,0
2021-06-08T04:00:00Z,0,48,48,0
2021-06-08T05:00:00Z,0,102,102,0
2021-06-08T06:00:00Z,0,70,70,1
2021-06-08T07:00:00Z,0,70,70,1
2021-06-08T08:00:00Z,0,103,103,1
2021-06-08T09:00:00Z,0,47,47,1
2021-06-08T10:00:00Z,0,1145,1145,1
2021-06-08T11:00:00Z,0,472,472,1
2021-06-08T12:00:00Z,0,166,166,1
2021-06-08T13:00:00Z,0,194,194,1
2021-06-08T14:00:00Z,0,195,195,1
2021-06-08T15:00:00Z,0,144,144,1
2021-06-08T16:00:00Z,107,0,107,1
2021-06-08T17:00:00Z,83,0,83,1
2021-06-08T18:00:00Z,65,0,65,1
2021-06-08T19:00:00Z,473,0,473,1
2021-06-08T20:00:00Z,104,0,104,1
2021-06-08T21:00:00Z,486,0,486,1
2021-06-08T22:00:00Z,105,0,105,0
2021-06-08T23:00:00Z,260,0,260,0
2021-06-09T00:00:00Z,1,377,378,0
2021-06-09T01:00:00Z,0,409,409,0
2021-06-09T02:00:00Z,0,220,220,0
2021-06-09T03:00:00Z,0,355,355,0
2021-06-09T04:00:00Z,0,369,369,0
2021-06-09T05:00:00Z,0,388,388,0
2021-06-09T06:00:00Z,0,287,287,1
2021-06-09T07:00:00Z,0,334,334,1
2021-06-09T08:00:00Z,0,333,333,1
2021-06-09T09:00:00Z,0,240,240,1
2021-06-09T10:00:00Z,0,519,519,1
2021-06-09T11:00:00Z,0,880,880,1
2021-06-09T12:00:00Z,0,214,214,1
2021-06-09T13:00:00Z,0,200,200,1
2021-06-09T14:00:00Z,0,208,208,1
2021-06-09T15:00:00Z,0,206,206,1
2021-06-09T16:00:00Z,126,0,126,1
2021-06-09T17:00:00Z,97,0,97,1
2021-06-09T18:00:00Z,96,0,96,1
2021-06-09T19:00:00Z,132,0,132,1
2021-06-09T20:00:00Z,479,0,479,1
2021-06-09T21:00:00Z,156,0,156,1
2021-06-09T22:00:00Z,506,0,506,0
2021-06-09T23:00:00Z,280,0,280,0
2021-06-10T00:00:00Z,0,374,374,0
2021-06-10T01:00:00Z,0,245,245,0
2021-06-10T02:00:00Z,0,421,421,0
2021-06-10T03:00:00Z,0,339,339,0
2021-06-10T04:00:00Z,0,340,340,0
2021-06-10T05:00:00Z,0,397,397,0
2021-06-10T06:00:00Z,0,281,281,1
2021-06-10T07:00:00Z,0,294,294,1
2021-06-10T08:00:00Z,0,335,335,1
2021-06-10T09:00:00Z,0,270,270,1
2021-06-10T10:00:00Z,0,258,258,1
2021-06-10T11:00:00Z,0,230,230,1
2021-06-10T12:00:00Z,0,223,223,1
2021-06-10T13:00:00Z,0,233,233,1
2021-06-10T14:00:00Z,0,199,199,1
2021-06-10T15:00:00Z,0,223,223,1
2021-06-10T16:00:00Z,137,0,137,1
2021-06-10T17:00:00Z,103,0,103,1
2021-06-10T18:00:00Z,101,0,101,1
2021-06-10T19:00:00Z,260,0,260,1
2021-06-10T20:00:00Z,378,0,378,1
2021-06-10T21:00:00Z,466,0,466,1
2021-06-10T22:00:00Z,96,0,96,0
2021-06-10T23:00:00Z,337,0,337,0
2021-06-11T00:00:00Z,1,567,568,0
2021-06-11T01:00:00Z,0,356,356,0
2021-06-11T02:00:00Z,0,408,408,0
2021-06-11T03:00:00Z,0,316,316,0
2021-06-11T04:00:00Z,0,378,378,0
2021-06-11T05:00:00Z,0,276,276,0
2021-06-11T06:00:00Z,0,291,291,1
2021-06-11T07:00:00Z,0,289,289,1
2021-06-11T08:00:00Z,0,242,242,1
2021-06-11T09:00:00Z,0,170,170,1
2021-06-11T10:00:00Z,0,203,203,1
2021-06-11T11:00:00Z,0,220,220,1
2021-06-11T12:00:00Z,0,197,197,1
2021-06-11T13:00:00Z,0,178,178,1
2021-06-11T14:00:00Z,0,180,180,1
2021-06-11T15:00:00Z,0,190,190,1
2021-06-11T16:00:00Z,126,1,127,1
2021-06-11T17:00:00Z,97,0,97,1
2021-06-11T18:00:00Z,103,0,103,1
2021-06-11T19:00:00Z,77,0,77,1
2021-06-11T20:00:00Z,430,0,430,1
2021-06-11T21:00:00Z,129,0,129,1
2021-06-11T22:00:00Z,527,0,527,0
2021-06-11T23:00:00Z,64,0,64,0
2021-06-12T00:00:00Z,1,909,910,0
2021-06-12T01:00:00Z,0,453,453,0
2021-06-12T02:00:00Z,0,867,867,0
2021-06-12T03:00:00Z,0,392,392,0
2021-06-12T04:00:00Z,0,269,269,0
2021-06-12T05:00:00Z,0,1539,1539,0
2021-06-12T06:00:00Z,0,298,298,1
2021-06-12T07:00:00Z,0,94,94,1
2021-06-12T08:00:00Z,0,112,112,1
2021-06-12T09:00:00Z,0,230,230,1
2021-06-12T10:00:00Z,0,263,263,1
2021-06-12T11:00:00Z,0,236,236,1
2021-06-12T12:00:00Z,0,212,212,1
2021-06-12T13:00:00Z,0,211,211,1
2021-06-12T14:00:00Z,0,227,227,1
2021-06-12T15:00:00Z,0,231,231,1
2021-06-12T16:00:00Z,157,0,157,1
2021-06-12T17:00:00Z,122,0,122,1
2021-06-12T18:00:00Z,122,0,122,1
2021-06-12T19:00:00Z,104,0,104,1
2021-06-12T20:00:00Z,102,0,102,1
2021-06-12T21:00:00Z,503,0,503,1
2021-06-12T22:00:00Z,186,0,186,0
2021-06-12T23:00:00Z,477,0,477,0
2021-06-13T00:00:00Z,502,0,502,0
2021-06-13T01:00:00Z,516,0,516,0
2021-06-13T02:00:00Z,542,0,542,0
2021-06-13T03:00:00Z,280,0,280,0
2021-06-13T04:00:00Z,1368,0,1368,0
2021-06-13T05:00:00Z,555,0,555,0
2021-06-13T06:00:00Z,310,0,310,1
2021-06-13T07:00:00Z,566,0,566,1
2021-06-13T08:00:00Z,511,0,511,1
2021-06-13T09:00:00Z,406,0,406,1
2021-06-13T10:00:00Z,1395,0,1395,1
2021-06-13T11:00:00Z,522,0,522,1
2021-06-13T12:00:00Z,194,0,194,1
2021-06-13T13:00:00Z,209,0,209,1
2021-06-13T14:00:00Z,222,0,222,1
2021-06-13T15:00:00Z,227,0,227,1
2021-06-13T16:00:00Z,111,0,111,1
2021-06-13T17:00:00Z,72,0,72,1
2021-06-13T18:00:00Z,90,0,90,1
2021-06-13T19:00:00Z,107,0,107,1
2021-06-13T20:00:00Z,432,0,432,1
2021-06-13T21:00:00Z,96,0,96,1
2021-06-13T22:00:00Z,478,0,478,0
2021-06-13T23:00:00Z,90,0,90,0
2021-06-14T00:00:00Z,595,0,595,0
2021-06-14T01:00:00Z,410,0,410,0
2021-06-14T02:00:00Z,95,0,95,0
2021-06-14T03:00:00Z,45,0,45,0
2021-06-14T04:00:00Z,102,0,102,0
2021-06-14T05:00:00Z,80,0,80,0
2021-06-14T06:00:00Z,63,0,63,1
2021-06-14T07:00:00Z,103,0,103,1
2021-06-14T08:00:00Z,57,0,57,1
2021-06-14T09:00:00Z,116,0,116,1
2021-06-14T10:00:00Z,320,0,320,1
2021-06-14T11:00:00Z,235,0,235,1
2021-06-14T12:00:00Z,215,0,215,1
2021-06-14T13:00:00Z,235,0,235,1
2021-06-14T14:00:00Z,197,0,197,1
2021-06-14T15:00:00Z,228,0,228,1
2021-06-14T16:00:00Z,213,0,213,1
2021-06-14T17:00:00Z,97,0,97,1
2021-06-14T18:00:00Z,112,0,112,1
2021-06-14T19:00:00Z,139,0,139,1
2021-06-14T20:00:00Z,431,0,431,1
2021-06-14T21:00:00Z,177,0,177,1
2021-06-14T22:00:00Z,501,0,501,0
2021-06-14T23:00:00Z,95,0,95,0
2021-06-15T00:00:00Z,0,256,256,0
2021-06-15T01:00:00Z,0,81,81,0
2021-06-15T02:00:00Z,0,59,59,0
2021-06-15T03:00:00Z,0,103,103,0
2021-06-15T04:00:00Z,0,60,60,0
2021-06-15T05:00:00Z,0,82,82,0
2021-06-15T06:00:00Z,0,97,97,1
2021-06-15T07:00:00Z,0,70,70,1
2021-06-15T08:00:00Z,0,71,71,1
2021-06-15T09:00:00Z,0,726,726,1
2021-06-15T10:00:00Z,0,342,342,1
2021-06-15T11:00:00Z,0,551,551,1
2021-06-15T12:00:00Z,0,963,963,1
2021-06-15T13:00:00Z,0,222,222,1
2021-06-15T14:00:00Z,0,208,208,1
2021-06-15T15:00:00Z,0,258,258,1
2021-06-15T16:00:00Z,162,1,163,1
2021-06-15T17:00:00Z,127,0,127,1
2021-06-15T18:00:00Z,108,0,108,1
2021-06-15T19:00:00Z,99,0,99,1
2021-06-15T20:00:00Z,506,0,506,1
2021-06-15T21:00:00Z,187,0,187,1
2021-06-15T22:00:00Z,490,0,490,0
2021-06-15T23:00:00Z,359,0,359,0
2021-06-16T00:00:00Z,0,393,393,0
2021-06-16T01:00:00Z,0,493,493,0
2021-06-16T02:00:00Z,0,273,273,0
2021-06-16T03:00:00Z,0,139,139,0
2021-06-16T04:00:00Z,0,182,182,0
2021-06-16T05:00:00Z,0,395,395,0
2021-06-16T06:00:00Z,0,337,337,1
2021-06-16T07:00:00Z,0,371,371,1
2021-06-16T08:00:00Z,0,287,287,1
2021-06-16T09:00:00Z,0,274,274,1
2021-06-16T10:00:00Z,0,199,199,1
2021-06-16T11:00:00Z,0,205,205,1
2021-06-16T12:00:00Z,0,163,163,1
2021-06-16T13:00:00Z,0,196,196,1
2021-06-16T14:00:00Z,0,203,203,1
2021-06-16T15:00:00Z,0,191,191,1
2021-06-16T16:00:00Z,108,1,109,1
2021-06-16T17:00:00Z,84,0,84,1
2021-06-16T18:00:00Z,99,0,99,1
2021-06-16T19:00:00Z,98,0,98,1
2021-06-16T20:00:00Z,476,0,476,1
2021-06-16T21:00:00Z,146,0,146,1
2021-06-16T22:00:00Z,499,0,499,0
2021-06-16T23:00:00Z,157,0,157,0
2021-06-17T00:00:00Z,0,208,208,0
2021-06-17T01:00:00Z,0,96,96,0
2021-06-17T02:00:00Z,0,66,66,0
2021-06-17T03:00:00Z,0,71,71,0
2021-06-17T04:00:00Z,0,98,98,0
2021-06-17T05:00:00Z,0,72,72,0
2021-06-17T06:00:00Z,0,66,66,1
2021-06-17T07:00:00Z,0,254,254,1
2021-06-17T08:00:00Z,0,388,388,1
2021-06-17T09:00:00Z,0,233,233,1
2021-06-17T10:00:00Z,0,171,171,1
2021-06-17T11:00:00Z,0,197,197,1
2021-06-17T12:00:00Z,0,193,193,1
2021-06-17T13:00:00Z,0,195,195,1
2021-06-17T14:00:00Z,0,200,200,1
2021-06-17T15:00:00Z,0,223,223,1
2021-06-17T16:00:00Z,165,1,166,1
2021-06-17T17:00:00Z,107,0,107,1
2021-06-17T18:00:00Z,104,0,104,1
2021-06-17T19:00:00Z,121,0,121,1
2021-06-17T20:00:00Z,471,0,471,1
2021-06-17T21:00:00Z,152,0,152,1
2021-06-17T22:00:00Z,508,0,508,0
2021-06-17T23:00:00Z,330,0,330,0
2021-06-18T00:00:00Z,1,734,735,0
2021-06-18T01:00:00Z,0,412,412,0
2021-06-18T02:00:00Z,0,364,364,0
2021-06-18T03:00:00Z,0,379,379,0
2021-06-18T04:00:00Z,0,389,389,0
2021-06-18T05:00:00Z,0,1245,1245,0
2021-06-18T06:00:00Z,0,285,285,1
2021-06-18T07:00:00Z,0,388,388,1
2021-06-18T08:00:00Z,0,378,378,1
2021-06-18T09:00:00Z,0,298,298,1
2021-06-18T10:00:00Z,0,272,272,1
2021-06-18T11:00:00Z,0,211,211,1
2021-06-18T12:00:00Z,0,205,205,1
2021-06-18T13:00:00Z,0,203,203,1
2021-06-18T14:00:00Z,0,190,190,1
2021-06-18T15:00:00Z,0,189,189,1
2021-06-18T16:00:00Z,170,1,171,1
2021-06-18T17:00:00Z,119,0,119,1
2021-06-18T18:00:00Z,111,0,111,1
2021-06-18T19:00:00Z,125,0,125,1
2021-06-18T20:00:00Z,440,0,440,1
2021-06-18T21:00:00Z,150,0,150,1
2021-06-18T22:00:00Z,724,0,724,0
2021-06-18T23:00:00Z,113,0,113,0
2021-06-19T00:00:00Z,0,195,195,0
2021-06-19T01:00:00Z,0,880,880,0
2021-06-19T02:00:00Z,0,428,428,0
2021-06-19T03:00:00Z,0,321,321,0
2021-06-19T04:00:00Z,0,362,362,0
2021-06-19T05:00:00Z,0,319,319,0
2021-06-19T06:00:00Z,0,266,266,1
2021-06-19T07:00:00Z,0,285,285,1
2021-06-19T08:00:00Z,0,419,419,1
2021-06-19T09:00:00Z,0,1691,1691,1
2021-06-19T10:00:00Z,0,416,416,1
2021-06-19T11:00:00Z,0,1165,1165,1
2021-06-19T12:00:00Z,0,221,221,1
2021-06-19T13:00:00Z,0,224,224,1
2021-06-19T14:00:00Z,0,210,210,1
2021-06-19T15:00:00Z,0,206,206,1
2021-06-19T16:00:00Z,186,1,187,1
2021-06-19T17:00:00Z,120,0,120,1
2021-06-19T18:00:00Z,115,0,115,1
2021-06-19T19:00:00Z,116,0,116,1
2021-06-19T20:00:00Z,418,0,418,1
2021-06-19T21:00:00Z,151,0,151,1
2021-06-19T22:00:00Z,492,0,492,0
2021-06-19T23:00:00Z,121,0,121,0
2021-06-20T00:00:00Z,373,0,373,0
2021-06-20T01:00:00Z,324,0,324,0
2021-06-20T02:00:00Z,384,0,384,0
2021-06-20T03:00:00Z,450,0,450,0
2021-06-20T04:00:00Z,2261,0,2261,0
2021-06-20T05:00:00Z,561,0,561,0
2021-06-20T06:00:00Z,113,0,113,1
2021-06-20T07:00:00Z,148,0,148,1
2021-06-20T08:00:00Z,944,0,944,1
2021-06-20T09:00:00Z,401,0,401,1
2021-06-20T10:00:00Z,1717,0,1717,1
2021-06-20T11:00:00Z,675,0,675,1
2021-06-20T12:00:00Z,1375,0,1375,1
2021-06-20T13:00:00Z,263,0,263,1
2021-06-20T14:00:00Z,229,0,229,1
2021-06-20T15:00:00Z,205,0,205,1
2021-06-20T16:00:00Z,132,0,132,1
2021-06-20T17:00:00Z,97,0,97,1
2021-06-20T18:00:00Z,100,0,100,1
2021-06-20T19:00:00Z,103,0,103,1
2021-06-20T20:00:00Z,411,0,411,1
2021-06-20T21:00:00Z,102,0,102,1
2021-06-20T22:00:00Z,473,0,473,0
2021-06-20T23:00:00Z,99,0,99,0
2021-06-21T00:00:00Z,488,0,488,0
2021-06-21T01:00:00Z,870,0,870,0
2021-06-21T02:00:00Z,404,0,404,0
2021-06-21T03:00:00Z,330,0,330,0
2021-06-21T04:00:00Z,301,0,301,0
2021-06-21T05:00:00Z,538,0,538,0
2021-06-21T06:00:00Z,433,0,433,1
2021-06-21T07:00:00Z,403,0,403,1
2021-06-21T08:00:00Z,724,0,724,1
2021-06-21T09:00:00Z,251,0,251,1
2021-06-21T10:00:00Z,281,0,281,1
2021-06-21T11:00:00Z,227,0,227,1
2021-06-21T12:00:00Z,189,0,189,1
2021-06-21T13:00:00Z,189,0,189,1
2021-06-21T14:00:00Z,202,0,202,1
2021-06-21T15:00:00Z,179,0,179,1
2021-06-21T16:00:00Z,77,0,77,1
2021-06-21T17:00:00Z,74,0,74,1
2021-06-21T18:00:00Z,102,0,102,1
2021-06-21T19:00:00Z,448,0,448,1
2021-06-21T20:00:00Z,148,0,148,1
2021-06-21T21:00:00Z,482,0,482,1
2021-06-21T22:00:00Z,103,0,103,0
2021-06-21T23:00:00Z,56,0,56,0
2021-06-22T00:00:00Z,0,442,442,0
2021-06-22T01:00:00Z,0,301,301,0
2021-06-22T02:00:00Z,0,54,54,0
2021-06-22T03:00:00Z,0,88,88,0
2021-06-22T04:00:00Z,0,94,94,0
2021-06-22T05:00:00Z,0,48,48,0
2021-06-22T06:00:00Z,0,105,105,1
2021-06-22T07:00:00Z,0,66,66,1
2021-06-22T08:00:00Z,0,78,78,1
2021-06-22T09:00:00Z,0,98,98,1
2021-06-22T10:00:00Z,0,236,236,1
2021-06-22T11:00:00Z,0,284,284,1
2021-06-22T12:00:00Z,0,240,240,1
2021-06-22T13:00:00Z,0,190,190,1
2021-06-22T14:00:00Z,0,217,217,1
2021-06-22T15:00:00Z,0,229,229,1
2021-06-22T16:00:00Z,98,0,98,1
2021-06-22T17:00:00Z,72,0,72,1
2021-06-22T18:00:00Z,106,0,106,1
2021-06-22T19:00:00Z,54,0,54,1
2021-06-22T20:00:00Z,471,0,471,1
2021-06-22T21:00:00Z,101,0,101,1
2021-06-22T22:00:00Z,461,0,461,0
2021-06-22T23:00:00Z,91,0,91,0
2021-06-23T00:00:00Z,0,210,210,0
2021-06-23T01:00:00Z,0,106,106,0
2021-06-23T02:00:00Z,0,39,39,0
2021-06-23T03:00:00Z,0,108,108,0
2021-06-23T04:00:00Z,0,53,53,0
2021-06-23T05:00:00Z,0,94,94,0
2021-06-23T06:00:00Z,0,75,75,1
2021-06-23T07:00:00Z,0,73,73,1
2021-06-23T08:00:00Z,0,92,92,1
2021-06-23T09:00:00Z,0,56,56,1
2021-06-23T10:00:00Z,0,260,260,1
2021-06-23T11:00:00Z,0,238,238,1
2021-06-23T12:00:00Z,0,274,274,1
2021-06-23T13:00:00Z,0,198,198,1
2021-06-23T14:00:00Z,0,179,179,1
2021-06-23T15:00:00Z,0,217,217,1
2021-06-23T16:00:00Z,118,0,118,1
2021-06-23T17:00:00Z,104,0,104,1
2021-06-23T18:00:00Z,74,0,74,1
2021-06-23T19:00:00Z,88,0,88,1
2021-06-23T20:00:00Z,492,0,492,1
2021-06-23T21:00:00Z,343,0,343,1
2021-06-23T22:00:00Z,238,0,238,0
2021-06-23T23:00:00Z,58,0,58,0
2021-06-24T00:00:00Z,0,196,196,0
2021-06-24T01:00:00Z,0,39,39,0
2021-06-24T02:00:00Z,0,111,111,0
2021-06-24T03:00:00Z,0,39,39,0
2021-06-24T04:00:00Z,0,114,114,0
2021-06-24T05:00:00Z,0,65,65,0
2021-06-24T06:00:00Z,0,323,323,1
2021-06-24T07:00:00Z,0,363,363,1
2021-06-24T08:00:00Z,0,287,287,1
2021-06-24T09:00:00Z,0,269,269,1
2021-06-24T10:00:00Z,0,269,269,1
2021-06-24T11:00:00Z,0,289,289,1
2021-06-24T12:00:00Z,0,245,245,1
2021-06-24T13:00:00Z,0,171,171,1
2021-06-24T14:00:00Z,0,207,207,1
2021-06-24T15:00:00Z,0,195,195,1
2021-06-24T16:00:00Z,100,1,101,1
2021-06-24T17:00:00Z,112,0,112,1
2021-06-24T18:00:00Z,50,0,50,1
2021-06-24T19:00:00Z,110,0,110,1
2021-06-24T20:00:00Z,441,0,441,1
2021-06-24T21:00:00Z,111,0,111,1
2021-06-24T22:00:00Z,472,0,472,0
2021-06-24T23:00:00Z,66,0,66,0
2021-06-25T00:00:00Z,0,379,379,0
2021-06-25T01:00:00Z,0,485,485,0
2021-06-25T02:00:00Z,0,336,336,0
2021-06-25T03:00:00Z,0,445,445,0
2021-06-25T04:00:00Z,0,104,104,0
2021-06-25T05:00:00Z,0,879,879,0
2021-06-25T06:00:00Z,0,347,347,1
2021-06-25T07:00:00Z,0,350,350,1
2021-06-25T08:00:00Z,0,213,213,1
2021-06-25T09:00:00Z,0,267,267,1
2021-06-25T10:00:00Z,0,1476,1476,1
2021-06-25T11:00:00Z,0,1162,1162,1
2021-06-25T12:00:00Z,0,486,486,1
2021-06-25T13:00:00Z,0,447,447,1
2021-06-25T14:00:00Z,0,608,608,1
2021-06-25T15:00:00Z,0,222,222,1
2021-06-25T16:00:00Z,159,0,159,1
2021-06-25T17:00:00Z,62,0,62,1
2021-06-25T18:00:00Z,110,0,110,1
2021-06-25T19:00:00Z,64,0,64,1
2021-06-25T20:00:00Z,93,0,93,1
2021-06-25T21:00:00Z,85,0,85,1
2021-06-25T22:00:00Z,69,0,69,0
2021-06-25T23:00:00Z,114,0,114,0
2021-06-26T00:00:00Z,0,198,198,0
2021-06-26T01:00:00Z,0,481,481,0
2021-06-26T02:00:00Z,0,283,283,0
2021-06-26T03:00:00Z,0,387,387,0
2021-06-26T04:00:00Z,0,233,233,0
2021-06-26T05:00:00Z,0,332,332,0
2021-06-26T06:00:00Z,0,240,240,1
2021-06-26T07:00:00Z,0,142,142,1
2021-06-26T08:00:00Z,0,366,366,1
2021-06-26T09:00:00Z,0,259,259,1
2021-06-26T10:00:00Z,0,310,310,1
2021-06-26T11:00:00Z,0,218,218,1
2021-06-26T12:00:00Z,0,199,199,1
2021-06-26T13:00:00Z,0,211,211,1
2021-06-26T14:00:00Z,0,150,150,1
2021-06-26T15:00:00Z,0,227,227,1
2021-06-26T16:00:00Z,133,1,134,1
2021-06-26T17:00:00Z,61,0,61,1
2021-06-26T18:00:00Z,88,0,88,1
2021-06-26T19:00:00Z,99,0,99,1
2021-06-26T20:00:00Z,442,0,442,1
2021-06-26T21:00:00Z,137,0,137,1
2021-06-26T22:00:00Z,430,0,430,0
2021-06-26T23:00:00Z,106,0,106,0
2021-06-27T00:00:00Z,287,0,287,0
2021-06-27T01:00:00Z,440,0,440,0
2021-06-27T02:00:00Z,523,0,523,0
2021-06-27T03:00:00Z,285,0,285,0
2021-06-27T04:00:00Z,2063,0,2063,0
2021-06-27T05:00:00Z,1254,0,1254,0
2021-06-27T06:00:00Z,420,0,420,1
2021-06-27T07:00:00Z,307,0,307,1
2021-06-27T08:00:00Z,441,0,441,1
2021-06-27T09:00:00Z,1752,0,1752,1
2021-06-27T10:00:00Z,951,0,951,1
2021-06-27T11:00:00Z,988,0,988,1
2021-06-27T12:00:00Z,691,0,691,1
2021-06-27T13:00:00Z,285,0,285,1
2021-06-27T14:00:00Z,638,0,638,1
2021-06-27T15:00:00Z,220,0,220,1
2021-06-27T16:00:00Z,184,0,184,1
2021-06-27T17:00:00Z,76,0,76,1
2021-06-27T18:00:00Z,102,0,102,1
2021-06-27T19:00:00Z,103,0,103,1
2021-06-27T20:00:00Z,59,0,59,1
2021-06-27T21:00:00Z,90,0,90,1
2021-06-27T22:00:00Z,105,0,105,0
2021-06-27T23:00:00Z,55,0,55,0
2021-06-28T00:00:00Z,175,0,175,0
2021-06-28T01:00:00Z,777,0,777,0
2021-06-28T02:00:00Z,380,0,380,0
2021-06-28T03:00:00Z,1096,0,1096,0
2021-06-28T04:00:00Z,477,0,477,0
2021-06-28T05:00:00Z,130,0,130,0
2021-06-28T06:00:00Z,70,0,70,1
2021-06-28T07:00:00Z,1447,0,1447,1
2021-06-28T08:00:00Z,1324,0,1324,1
2021-06-28T09:00:00Z,283,0,283,1
2021-06-28T10:00:00Z,261,0,261,1
2021-06-28T11:00:00Z,209,0,209,1
2021-06-28T12:00:00Z,602,0,602,1
2021-06-28T13:00:00Z,269,0,269,1
2021-06-28T14:00:00Z,601,0,601,1
2021-06-28T15:00:00Z,193,0,193,1
2021-06-28T16:00:00Z,121,0,121,1
2021-06-28T17:00:00Z,102,0,102,1
2021-06-28T18:00:00Z,83,0,83,1
2021-06-28T19:00:00Z,66,0,66,1
2021-06-28T20:00:00Z,106,0,106,1
2021-06-28T21:00:00Z,89,0,89,1
2021-06-28T22:00:00Z,58,0,58,0
2021-06-28T23:00:00Z,107,0,107,0
2021-06-29T00:00:00Z,0,269,269,0
2021-06-29T01:00:00Z,0,306,306,0
2021-06-29T02:00:00Z,0,264,264,0
2021-06-29T03:00:00Z,0,168,168,0
2021-06-29T04:00:00Z,0,144,144,0
2021-06-29T05:00:00Z,0,276,276,0
2021-06-29T06:00:00Z,0,306,306,1
2021-06-29T07:00:00Z,0,329,329,1
2021-06-29T08:00:00Z,0,258,258,1
2021-06-29T09:00:00Z,0,349,349,1
2021-06-29T10:00:00Z,0,194,194,1
2021-06-29T11:00:00Z,0,305,305,1
2021-06-29T12:00:00Z,0,276,276,1
2021-06-29T13:00:00Z,0,197,197,1
2021-06-29T14:00:00Z,0,181,181,1
2021-06-29T15:00:00Z,0,209,209,1
2021-06-29T16:00:00Z,238,0,238,1
2021-06-29T17:00:00Z,60,0,60,1
2021-06-29T18:00:00Z,101,0,101,1
2021-06-29T19:00:00Z,107,0,107,1
2021-06-29T20:00:00Z,470,0,470,1
2021-06-29T21:00:00Z,156,0,156,1
2021-06-29T22:00:00Z,487,0,487,0
2021-06-29T23:00:00Z,54,0,54,0
2021-06-30T00:00:00Z,0,332,332,0
2021-06-30T01:00:00Z,0,350,350,0
2021-06-30T02:00:00Z,0,341,341,0
2021-06-30T03:00:00Z,0,337,337,0
2021-06-30T04:00:00Z,0,308,308,0
2021-06-30T05:00:00Z,0,348,348,0
2021-06-30T06:00:00Z,0,276,276,1
2021-06-30T07:00:00Z,0,462,462,1
2021-06-30T08:00:00Z,0,288,288,1
2021-06-30T09:00:00Z,0,303,303,1
2021-06-30T10:00:00Z,0,204,204,1
2021-06-30T11:00:00Z,0,243,243,1
2021-06-30T12:00:00Z,0,355,355,1
2021-06-30T13:00:00Z,0,220,220,1
2021-06-30T14:00:00Z,0,220,220,1
2021-06-30T15:00:00Z,0,186,186,1
2021-06-30T16:00:00Z,83,1,84,1
2021-06-30T17:00:00Z,107,0,107,1
2021-06-30T18:00:00Z,94,0,94,1
2021-06-30T19:00:00Z,415,0,415,1
2021-06-30T20:00:00Z,161,0,161,1
2021-06-30T21:00:00Z,485,0,485,1
2021-06-30T22:00:00Z,64,0,64,0
2021-06-30T23:00:00Z,108,0,108,0
2021-07-01T00:00:00Z,1,324,325,0
2021-07-01T01:00:00Z,0,1166,1166,0
2021-07-01T02:00:00Z,0,558,558,0
2021-07-01T03:00:00Z,0,923,923,0
2021-07-01T04:00:00Z,0,446,446,0
2021-07-01T05:00:00Z,0,373,373,0
2021-07-01T06:00:00Z,0,241,241,1
2021-07-01T07:00:00Z,0,397,397,1
2021-07-01T08:00:00Z,0,210,210,1
2021-07-01T09:00:00Z,0,313,313,1
2021-07-01T10:00:00Z,0,226,226,1
2021-07-01T11:00:00Z,0,265,265,1
2021-07-01T12:00:00Z,0,252,252,1
2021-07-01T13:00:00Z,0,204,204,1
2021-07-01T14:00:00Z,0,196,196,1
2021-07-01T15:00:00Z,0,171,171,1
2021-07-01T16:00:00Z,186,1,187,1
2021-07-01T17:00:00Z,54,0,54,1
2021-07-01T18:00:00Z,117,0,117,1
2021-07-01T19:00:00Z,54,0,54,1
2021-07-01T20:00:00Z,507,0,507,1
2021-07-01T21:00:00Z,86,0,86,1
2021-07-01T22:00:00Z,518,0,518,0
2021-07-01T23:00:00Z,58,0,58,0
2021-07-02T00:00:00Z,0,390,390,0
2021-07-02T01:00:00Z,0,614,614,0
2021-07-02T02:00:00Z,0,276,276,0
2021-07-02T03:00:00Z,0,329,329,0
2021-07-02T04:00:00Z,0,336,336,0
2021-07-02T05:00:00Z,0,391,391,0
2021-07-02T06:00:00Z,0,254,254,1
2021-07-02T07:00:00Z,0,569,569,1
2021-07-02T08:00:00Z,0,301,301,1
2021-07-02T09:00:00Z,0,157,157,1
2021-07-02T10:00:00Z,0,205,205,1
2021-07-02T11:00:00Z,0,773,773,1
2021-07-02T12:00:00Z,0,288,288,1
2021-07-02T13:00:00Z,0,188,188,1
2021-07-02T14:00:00Z,0,239,239,1
2021-07-02T15:00:00Z,0,161,161,1
2021-07-02T16:00:00Z,153,1,154,1
2021-07-02T17:00:00Z,56,0,56,1
2021-07-02T18:00:00Z,108,0,108,1
2021-07-02T19:00:00Z,68,0,68,1
2021-07-02T20:00:00Z,482,0,482,1
2021-07-02T21:00:00Z,93,0,93,1
2021-07-02T22:00:00Z,506,0,506,0
2021-07-02T23:00:00Z,67,0,67,0
2021-07-03T00:00:00Z,0,393,393,0
2021-07-03T01:00:00Z,0,973,973,0
2021-07-03T02:00:00Z,0,330,330,0
2021-07-03T03:00:00Z,0,489,489,0
2021-07-03T04:00:00Z,0,1509,1509,0
2021-07-03T05:00:00Z,0,617,617,0
2021-07-03T06:00:00Z,0,401,401,1
2021-07-03T07:00:00Z,0,360,360,1
2021-07-03T08:00:00Z,0,321,321,1
2021-07-03T09:00:00Z,0,215,215,1
2021-07-03T10:00:00Z,0,295,295,1
2021-07-03T11:00:00Z,0,278,278,1
2021-07-03T12:00:00Z,0,259,259,1
2021-07-03T13:00:00Z,0,209,209,1
2021-07-03T14:00:00Z,0,166,166,1
2021-07-03T15:00:00Z,0,233,233,1
2021-07-03T16:00:00Z,176,0,176,1
2021-07-03T17:00:00Z,157,0,157,1
2021-07-03T18:00:00Z,115,0,115,1
2021-07-03T19:00:00Z,155,0,155,1
2021-07-03T20:00:00Z,522,0,522,1
2021-07-03T21:00:00Z,179,0,179,1
2021-07-03T22:00:00Z,535,0,535,0
2021-07-03T23:00:00Z,154,0,154,0
2021-07-04T00:00:00Z,409,0,409,0
2021-07-04T01:00:00Z,624,0,624,0
2021-07-04T02:00:00Z,1152,0,1152,0
2021-07-04T03:00:00Z,703,0,703,0
2021-07-04T04:00:00Z,203,0,203,0
2021-07-04T05:00:00Z,254,0,254,0
2021-07-04T06:00:00Z,1965,0,1965,1
2021-07-04T07:00:00Z,856,0,856,1
2021-07-04T08:00:00Z,356,0,356,1
2021-07-04T09:00:00Z,184,0,184,1
2021-07-04T10:00:00Z,169,0,169,1
2021-07-04T11:00:00Z,235,0,235,1
2021-07-04T12:00:00Z,218,0,218,1
2021-07-04T13:00:00Z,214,0,214,1
2021-07-04T14:00:00Z,190,0,190,1
2021-07-04T15:00:00Z,194,0,194,1
2021-07-04T16:00:00Z,156,0,156,1
2021-07-04T17:00:00Z,103,0,103,1
2021-07-04T18:00:00Z,57,0,57,1
2021-07-04T19:00:00Z,108,0,108,1
2021-07-04T20:00:00Z,96,0,96,1
2021-07-04T21:00:00Z,415,0,415,1
2021-07-04T22:00:00Z,138,0,138,0
2021-07-04T23:00:00Z,442,0,442,0
2021-07-05T00:00:00Z,453,0,453,0
2021-07-05T01:00:00Z,1212,0,1212,0
2021-07-05T02:00:00Z,842,0,842,0
2021-07-05T03:00:00Z,312,0,312,0
2021-07-05T04:00:00Z,237,0,237,0
2021-07-05T05:00:00Z,337,0,337,0
2021-07-05T06:00:00Z,845,0,845,1
2021-07-05T07:00:00Z,312,0,312,1
2021-07-05T08:00:00Z,405,0,405,1
2021-07-05T09:00:00Z,314,0,314,1
2021-07-05T10:00:00Z,316,0,316,1
2021-07-05T11:00:00Z,849,0,849,1
2021-07-05T12:00:00Z,272,0,272,1
2021-07-05T13:00:00Z,220,0,220,1
2021-07-05T14:00:00Z,218,0,218,1
2021-07-05T15:00:00Z,256,0,256,1
2021-07-05T16:00:00Z,66,0,66,1
2021-07-05T17:00:00Z,93,0,93,1
2021-07-05T18:00:00Z,104,0,104,1
2021-07-05T19:00:00Z,432,0,432,1
2021-07-05T20:00:00Z,159,0,159,1
2021-07-05T21:00:00Z,474,0,474,1
2021-07-05T22:00:00Z,66,0,66,0
2021-07-05T23:00:00Z,199,0,199,0
2021-07-06T00:00:00Z,0,187,187,0
2021-07-06T01:00:00Z,0,47,47,0
2021-07-06T02:00:00Z,0,93,93,0
2021-07-06T03:00:00Z,0,85,85,0
2021-07-06T04:00:00Z,0,58,58,0
2021-07-06T05:00:00Z,0,106,106,0
2021-07-06T06:00:00Z,0,47,47,1
2021-07-06T07:00:00Z,0,98,98,1
2021-07-06T08:00:00Z,0,76,76,1
2021-07-06T09:00:00Z,0,159,159,1
2021-07-06T10:00:00Z,0,450,450,1
2021-07-06T11:00:00Z,0,970,970,1
2021-07-06T12:00:00Z,0,269,269,1
2021-07-06T13:00:00Z,0,247,247,1
2021-07-06T14:00:00Z,0,205,205,1
2021-07-06T15:00:00Z,0,217,217,1
2021-07-06T16:00:00Z,114,1,115,1
2021-07-06T17:00:00Z,83,0,83,1
2021-07-06T18:00:00Z,103,0,103,1
2021-07-06T19:00:00Z,79,0,79,1
2021-07-06T20:00:00Z,438,0,438,1
2021-07-06T21:00:00Z,164,0,164,1
2021-07-06T22:00:00Z,445,0,445,0
2021-07-06T23:00:00Z,307,0,307,0
2021-07-07T00:00:00Z,1,483,484,0
2021-07-07T01:00:00Z,0,368,368,0
2021-07-07T02:00:00Z,0,337,337,0
2021-07-07T03:00:00Z,0,322,322,0
2021-07-07T04:00:00Z,0,320,320,0
2021-07-07T05:00:00Z,0,362,362,0
2021-07-07T06:00:00Z,0,314,314,1
2021-07-07T07:00:00Z,0,402,402,1
2021-07-07T08:00:00Z,0,261,261,1
2021-07-07T09:00:00Z,0,163,163,1
2021-07-07T10:00:00Z,0,178,178,1
2021-07-07T11:00:00Z,0,300,300,1
2021-07-07T12:00:00Z,0,248,248,1
2021-07-07T13:00:00Z,0,240,240,1
2021-07-07T14:00:00Z,0,200,200,1
2021-07-07T15:00:00Z,0,174,174,1
2021-07-07T16:00:00Z,192,1,193,1
2021-07-07T17:00:00Z,99,0,99,1
2021-07-07T18:00:00Z,56,0,56,1
2021-07-07T19:00:00Z,112,0,112,1
2021-07-07T20:00:00Z,475,0,475,1
2021-07-07T21:00:00Z,129,0,129,1
2021-07-07T22:00:00Z,518,0,518,0
2021-07-07T23:00:00Z,291,0,291,0
2021-07-08T00:00:00Z,1,453,454,0
2021-07-08T01:00:00Z,0,347,347,0
2021-07-08T02:00:00Z,0,272,272,0
2021-07-08T03:00:00Z,0,434,434,0
2021-07-08T04:00:00Z,0,289,289,0
2021-07-08T05:00:00Z,0,349,349,0
2021-07-08T06:00:00Z,0,365,365,1
2021-07-08T07:00:00Z,0,334,334,1
2021-07-08T08:00:00Z,0,311,311,1
2021-07-08T09:00:00Z,0,221,221,1
2021-07-08T10:00:00Z,0,218,218,1
2021-07-08T11:00:00Z,0,287,287,1
2021-07-08T12:00:00Z,0,232,232,1
2021-07-08T13:00:00Z,0,222,222,1
2021-07-08T14:00:00Z,0,217,217,1
2021-07-08T15:00:00Z,0,191,191,1
2021-07-08T16:00:00Z,159,1,160,1
2021-07-08T17:00:00Z,108,0,108,1
2021-07-08T18:00:00Z,70,0,70,1
2021-07-08T19:00:00Z,87,0,87,1
2021-07-08T20:00:00Z,504,0,504,1
2021-07-08T21:00:00Z,113,0,113,1
2021-07-08T22:00:00Z,510,0,510,0
2021-07-08T23:00:00Z,205,0,205,0
2021-07-09T00:00:00Z,0,174,174,0
2021-07-09T01:00:00Z,0,100,100,0
2021-07-09T02:00:00Z,0,76,76,0
2021-07-09T03:00:00Z,0,61,61,0
2021-07-09T04:00:00Z,0,97,97,0
2021-07-09T05:00:00Z,0,80,80,0
2021-07-09T06:00:00Z,0,57,57,1
2021-07-09T07:00:00Z,0,101,101,1
2021-07-09T08:00:00Z,0,79,79,1
2021-07-09T09:00:00Z,0,62,62,1
2021-07-09T10:00:00Z,0,131,131,1
2021-07-09T11:00:00Z,0,304,304,1
2021-07-09T12:00:00Z,0,268,268,1
2021-07-09T13:00:00Z,0,229,229,1
2021-07-09T14:00:00Z,0,217,217,1
2021-07-09T15:00:00Z,0,193,193,1
2021-07-09T16:00:00Z,126,1,127,1
2021-07-09T17:00:00Z,99,0,99,1
2021-07-09T18:00:00Z,104,0,104,1
2021-07-09T19:00:00Z,438,0,438,1
2021-07-09T20:00:00Z,122,0,122,1
2021-07-09T21:00:00Z,737,0,737,1
2021-07-09T22:00:00Z,49,0,49,0
2021-07-09T23:00:00Z,105,0,105,0
2021-07-10T00:00:00Z,0,512,512,0
2021-07-10T01:00:00Z,0,836,836,0
2021-07-10T02:00:00Z,0,241,241,0
2021-07-10T03:00:00Z,0,478,478,0
2021-07-10T04:00:00Z,0,1727,1727,0
2021-07-10T05:00:00Z,0,490,490,0
2021-07-10T06:00:00Z,0,266,266,1
2021-07-10T07:00:00Z,0,264,264,1
2021-07-10T08:00:00Z,0,272,272,1
2021-07-10T09:00:00Z,0,234,234,1
2021-07-10T10:00:00Z,0,216,216,1
2021-07-10T11:00:00Z,0,197,197,1
2021-07-10T12:00:00Z,0,214,214,1
2021-07-10T13:00:00Z,0,216,216,1
2021-07-10T14:00:00Z,0,213,213,1
2021-07-10T15:00:00Z,0,193,193,1
2021-07-10T16:00:00Z,172,1,173,1
2021-07-10T17:00:00Z,73,0,73,1
2021-07-10T18:00:00Z,98,0,98,1
2021-07-10T19:00:00Z,107,0,107,1
2021-07-10T20:00:00Z,416,0,416,1
2021-07-10T21:00:00Z,113,0,113,1
2021-07-10T22:00:00Z,490,0,490,0
2021-07-10T23:00:00Z,68,0,68,0
2021-07-11T00:00:00Z,293,0,293,0
2021-07-11T01:00:00Z,589,0,589,0
2021-07-11T02:00:00Z,752,0,752,0
2021-07-11T03:00:00Z,387,0,387,0
2021-07-11T04:00:00Z,1580,0,1580,0
2021-07-11T05:00:00Z,1643,0,1643,0
2021-07-11T06:00:00Z,165,0,165,1
2021-07-11T07:00:00Z,653,0,653,1
2021-07-11T08:00:00Z,315,0,315,1
2021-07-11T09:00:00Z,1250,0,1250,1
2021-07-11T10:00:00Z,702,0,702,1
2021-07-11T11:00:00Z,1195,0,1195,1
2021-07-11T12:00:00Z,408,0,408,1
2021-07-11T13:00:00Z,218,0,218,1
2021-07-11T14:00:00Z,192,0,192,1
2021-07-11T15:00:00Z,177,0,177,1
2021-07-11T16:00:00Z,189,0,189,1
2021-07-11T17:00:00Z,106,0,106,1
2021-07-11T18:00:00Z,78,0,78,1
2021-07-11T19:00:00Z,72,0,72,1
2021-07-11T20:00:00Z,450,0,450,1
2021-07-11T21:00:00Z,126,0,126,1
2021-07-11T22:00:00Z,433,0,433,0
2021-07-11T23:00:00Z,102,0,102,0
2021-07-12T00:00:00Z,362,0,362,0
2021-07-12T01:00:00Z,276,0,276,0
2021-07-12T02:00:00Z,578,0,578,0
2021-07-12T03:00:00Z,410,0,410,0
2021-07-12T04:00:00Z,297,0,297,0
2021-07-12T05:00:00Z,471,0,471,0
2021-07-12T06:00:00Z,820,0,820,1
2021-07-12T07:00:00Z,265,0,265,1
2021-07-12T08:00:00Z,142,0,142,1
2021-07-12T09:00:00Z,101,0,101,1
2021-07-12T10:00:00Z,193,0,193,1
2021-07-12T11:00:00Z,243,0,243,1
2021-07-12T12:00:00Z,208,0,208,1
2021-07-12T13:00:00Z,213,0,213,1
2021-07-12T14:00:00Z,197,0,197,1
2021-07-12T15:00:00Z,172,0,172,1
2021-07-12T16:00:00Z,221,0,221,1
2021-07-12T17:00:00Z,95,0,95,1
2021-07-12T18:00:00Z,58,0,58,1
2021-07-12T19:00:00Z,109,0,109,1
2021-07-12T20:00:00Z,479,0,479,1
2021-07-12T21:00:00Z,112,0,112,1
2021-07-12T22:00:00Z,512,0,512,0
2021-07-12T23:00:00Z,191,0,191,0
2021-07-13T00:00:00Z,0,177,177,0
2021-07-13T01:00:00Z,0,81,81,0
2021-07-13T02:00:00Z,0,100,100,0
2021-07-13T03:00:00Z,0,49,49,0
2021-07-13T04:00:00Z,0,91,91,0
2021-07-13T05:00:00Z,0,91,91,0
2021-07-13T06:00:00Z,0,50,50,1
2021-07-13T07:00:00Z,0,101,101,1
2021-07-13T08:00:00Z,0,78,78,1
2021-07-13T09:00:00Z,0,120,120,1
2021-07-13T10:00:00Z,0,265,265,1
2021-07-13T11:00:00Z,0,209,209,1
2021-07-13T12:00:00Z,0,205,205,1
2021-07-13T13:00:00Z,0,201,201,1
2021-07-13T14:00:00Z,0,182,182,1
2021-07-13T15:00:00Z,0,226,226,1
2021-07-13T16:00:00Z,107,0,107,1
2021-07-13T17:00:00Z,100,0,100,1
2021-07-13T18:00:00Z,64,0,64,1
2021-07-13T19:00:00Z,91,0,91,1
2021-07-13T20:00:00Z,457,0,457,1
2021-07-13T21:00:00Z,387,0,387,1
2021-07-13T22:00:00Z,154,0,154,0
2021-07-13T23:00:00Z,306,0,306,0
2021-07-14T00:00:00Z,0,153,153,0
2021-07-14T01:00:00Z,0,65,65,0
2021-07-14T02:00:00Z,0,94,94,0
2021-07-14T03:00:00Z,0,96,96,0
2021-07-14T04:00:00Z,0,65,65,0
2021-07-14T05:00:00Z,0,69,69,0
2021-07-14T06:00:00Z,0,237,237,1
2021-07-14T07:00:00Z,0,128,128,1
2021-07-14T08:00:00Z,0,127,127,1
2021-07-14T09:00:00Z,0,125,125,1
2021-07-14T10:00:00Z,0,103,103,1
2021-07-14T11:00:00Z,0,137,137,1
2021-07-14T12:00:00Z,0,752,752,1
2021-07-14T13:00:00Z,0,200,200,1
2021-07-14T14:00:00Z,0,193,193,1
2021-07-14T15:00:00Z,0,214,214,1
2021-07-14T16:00:00Z,96,0,96,1
2021-07-14T17:00:00Z,101,0,101,1
2021-07-14T18:00:00Z,100,0,100,1
2021-07-14T19:00:00Z,79,0,79,1
2021-07-14T20:00:00Z,466,0,466,1
2021-07-14T21:00:00Z,154,0,154,1
2021-07-14T22:00:00Z,476,0,476,0
2021-07-14T23:00:00Z,265,0,265,0
2021-07-15T00:00:00Z,1,503,504,0
2021-07-15T01:00:00Z,0,351,351,0
2021-07-15T02:00:00Z,0,235,235,0
2021-07-15T03:00:00Z,0,360,360,0
2021-07-15T04:00:00Z,0,341,341,0
2021-07-15T05:00:00Z,0,323,323,0
2021-07-15T06:00:00Z,0,281,281,1
2021-07-15T07:00:00Z,0,421,421,1
2021-07-15T08:00:00Z,0,267,267,1
2021-07-15T09:00:00Z,0,216,216,1
2021-07-15T10:00:00Z,0,112,112,1
2021-07-15T11:00:00Z,0,48,48,1
2021-07-15T12:00:00Z,0,181,181,1
2021-07-15T13:00:00Z,0,266,266,1
2021-07-15T14:00:00Z,0,193,193,1
2021-07-15T15:00:00Z,0,213,213,1
2021-07-15T16:00:00Z,76,0,76,1
2021-07-15T17:00:00Z,103,0,103,1
2021-07-15T18:00:00Z,104,0,104,1
2021-07-15T19:00:00Z,70,0,70,1
2021-07-15T20:00:00Z,445,0,445,1
2021-07-15T21:00:00Z,459,0,459,1
2021-07-15T22:00:00Z,93,0,93,0
2021-07-15T23:00:00Z,274,0,274,0
2021-07-16T00:00:00Z,1,456,457,0
2021-07-16T01:00:00Z,0,296,296,0
2021-07-16T02:00:00Z,0,262,262,0
2021-07-16T03:00:00Z,0,343,343,0
2021-07-16T04:00:00Z,0,294,294,0
2021-07-16T05:00:00Z,0,212,212,0
2021-07-16T06:00:00Z,0,291,291,1
2021-07-16T07:00:00Z,0,396,396,1
2021-07-16T08:00:00Z,0,271,271,1
2021-07-16T09:00:00Z,0,226,226,1
2021-07-16T10:00:00Z,0,229,229,1
2021-07-16T11:00:00Z,0,243,243,1
2021-07-16T12:00:00Z,0,216,216,1
2021-07-16T13:00:00Z,0,222,222,1
2021-07-16T14:00:00Z,0,214,214,1
2021-07-16T15:00:00Z,0,214,214,1
2021-07-16T16:00:00Z,93,0,93,1
2021-07-16T17:00:00Z,79,0,79,1
2021-07-16T18:00:00Z,119,0,119,1
2021-07-16T19:00:00Z,456,0,456,1
2021-07-16T20:00:00Z,116,0,116,1
2021-07-16T21:00:00Z,543,0,543,1
2021-07-16T22:00:00Z,71,0,71,0
2021-07-16T23:00:00Z,241,0,241,0
2021-07-17T00:00:00Z,0,219,219,0
2021-07-17T01:00:00Z,0,1091,1091,0
2021-07-17T02:00:00Z,0,355,355,0
2021-07-17T03:00:00Z,0,1439,1439,0
2021-07-17T04:00:00Z,0,353,353,0
2021-07-17T05:00:00Z,0,258,258,0
2021-07-17T06:00:00Z,0,388,388,1
2021-07-17T07:00:00Z,0,278,278,1
2021-07-17T08:00:00Z,0,249,249,1
2021-07-17T09:00:00Z,0,286,286,1
2021-07-17T10:00:00Z,0,530,530,1
2021-07-17T11:00:00Z,0,315,315,1
2021-07-17T12:00:00Z,0,207,207,1
2021-07-17T13:00:00Z,0,212,212,1
2021-07-17T14:00:00Z,0,188,188,1
2021-07-17T15:00:00Z,0,177,177,1
2021-07-17T16:00:00Z,102,0,102,1
2021-07-17T17:00:00Z,100,0,100,1
2021-07-17T18:00:00Z,51,0,51,1
2021-07-17T19:00:00Z,309,0,309,1
2021-07-17T20:00:00Z,280,0,280,1
2021-07-17T21:00:00Z,490,0,490,1
2021-07-17T22:00:00Z,103,0,103,0
2021-07-17T23:00:00Z,49,0,49,0
2021-07-18T00:00:00Z,376,0,376,0
2021-07-18T01:00:00Z,581,0,581,0
2021-07-18T02:00:00Z,1398,0,1398,0
2021-07-18T03:00:00Z,455,0,455,0
2021-07-18T04:00:00Z,1816,0,1816,0
2021-07-18T05:00:00Z,1117,0,1117,0
2021-07-18T06:00:00Z,351,0,351,1
2021-07-18T07:00:00Z,150,0,150,1
2021-07-18T08:00:00Z,83,0,83,1
2021-07-18T09:00:00Z,83,0,83,1
2021-07-18T10:00:00Z,656,0,656,1
2021-07-18T11:00:00Z,507,0,507,1
2021-07-18T12:00:00Z,235,0,235,1
2021-07-18T13:00:00Z,184,0,184,1
2021-07-18T14:00:00Z,177,0,177,1
2021-07-18T15:00:00Z,1294,0,1294,1
2021-07-18T16:00:00Z,394,0,394,1
2021-07-18T17:00:00Z,92,0,92,1
2021-07-18T18:00:00Z,68,0,68,1
2021-07-18T19:00:00Z,112,0,112,1
2021-07-18T20:00:00Z,475,0,475,1
2021-07-18T21:00:00Z,472,0,472,1
2021-07-18T22:00:00Z,93,0,93,0
2021-07-18T23:00:00Z,313,0,313,0
2021-07-19T00:00:00Z,387,0,387,0
2021-07-19T01:00:00Z,591,0,591,0
2021-07-19T02:00:00Z,294,0,294,0
2021-07-19T03:00:00Z,287,0,287,0
2021-07-19T04:00:00Z,296,0,296,0
2021-07-19T05:00:00Z,423,0,423,0
2021-07-19T06:00:00Z,311,0,311,1
2021-07-19T07:00:00Z,315,0,315,1
2021-07-19T08:00:00Z,1337,0,1337,1
2021-07-19T09:00:00Z,505,0,505,1
2021-07-19T10:00:00Z,246,0,246,1
2021-07-19T11:00:00Z,218,0,218,1
2021-07-19T12:00:00Z,535,0,535,1
2021-07-19T13:00:00Z,914,0,914,1
2021-07-19T14:00:00Z,198,0,198,1
2021-07-19T15:00:00Z,188,0,188,1
2021-07-19T16:00:00Z,101,0,101,1
2021-07-19T17:00:00Z,81,0,81,1
2021-07-19T18:00:00Z,418,0,418,1
2021-07-19T19:00:00Z,161,0,161,1
2021-07-19T20:00:00Z,514,0,514,1
2021-07-19T21:00:00Z,65,0,65,1
2021-07-19T22:00:00Z,80,0,80,0
2021-07-19T23:00:00Z,202,0,202,0
2021-07-20T00:00:00Z,0,207,207,0
2021-07-20T01:00:00Z,0,59,59,0
2021-07-20T02:00:00Z,0,97,97,0
2021-07-20T03:00:00Z,0,97,97,0
2021-07-20T04:00:00Z,0,52,52,0
2021-07-20T05:00:00Z,0,92,92,0
2021-07-20T06:00:00Z,0,96,96,1
2021-07-20T07:00:00Z,0,50,50,1
2021-07-20T08:00:00Z,0,96,96,1
2021-07-20T09:00:00Z,0,90,90,1
2021-07-20T10:00:00Z,0,210,210,1
2021-07-20T11:00:00Z,0,514,514,1
2021-07-20T12:00:00Z,0,214,214,1
2021-07-20T13:00:00Z,0,224,224,1
2021-07-20T14:00:00Z,0,188,188,1
2021-07-20T15:00:00Z,0,213,213,1
2021-07-20T16:00:00Z,123,0,123,1
2021-07-20T17:00:00Z,79,0,79,1
2021-07-20T18:00:00Z,72,0,72,1
2021-07-20T19:00:00Z,115,0,115,1
2021-07-20T20:00:00Z,430,0,430,1
2021-07-20T21:00:00Z,122,0,122,1
2021-07-20T22:00:00Z,475,0,475,0
2021-07-20T23:00:00Z,279,0,279,0
2021-07-21T00:00:00Z,1,417,418,0
2021-07-21T01:00:00Z,0,388,388,0
2021-07-21T02:00:00Z,0,310,310,0
2021-07-21T03:00:00Z,0,311,311,0
2021-07-21T04:00:00Z,0,381,381,0
2021-07-21T05:00:00Z,0,275,275,0
2021-07-21T06:00:00Z,0,367,367,1
2021-07-21T07:00:00Z,0,333,333,1
2021-07-21T08:00:00Z,0,265,265,1
2021-07-21T09:00:00Z,0,292,292,1
2021-07-21T10:00:00Z,0,241,241,1
2021-07-21T11:00:00Z,0,206,206,1
2021-07-21T12:00:00Z,0,198,198,1
2021-07-21T13:00:00Z,0,214,214,1
2021-07-21T14:00:00Z,0,170,170,1
2021-07-21T15:00:00Z,0,167,167,1
2021-07-21T16:00:00Z,154,1,155,1
2021-07-21T17:00:00Z,99,0,99,1
2021-07-21T18:00:00Z,54,0,54,1
2021-07-21T19:00:00Z,111,0,111,1
2021-07-21T20:00:00Z,480,0,480,1
2021-07-21T21:00:00Z,121,0,121,1
2021-07-21T22:00:00Z,495,0,495,0
2021-07-21T23:00:00Z,228,0,228,0
2021-07-22T00:00:00Z,1,428,429,0
2021-07-22T01:00:00Z,0,315,315,0
2021-07-22T02:00:00Z,0,257,257,0
2021-07-22T03:00:00Z,0,369,369,0
2021-07-22T04:00:00Z,0,262,262,0
2021-07-22T05:00:00Z,0,502,502,0
2021-07-22T06:00:00Z,0,397,397,1
2021-07-22T07:00:00Z,0,280,280,1
2021-07-22T08:00:00Z,0,202,202,1
2021-07-22T09:00:00Z,0,58,58,1
2021-07-22T10:00:00Z,0,247,247,1
2021-07-22T11:00:00Z,0,256,256,1
2021-07-22T12:00:00Z,0,216,216,1
2021-07-22T13:00:00Z,0,195,195,1
2021-07-22T14:00:00Z,0,181,181,1
2021-07-22T15:00:00Z,0,195,195,1
2021-07-22T16:00:00Z,113,0,113,1
2021-07-22T17:00:00Z,102,0,102,1
2021-07-22T18:00:00Z,66,0,66,1
2021-07-22T19:00:00Z,260,0,260,1
2021-07-22T20:00:00Z,294,0,294,1
2021-07-22T21:00:00Z,488,0,488,1
2021-07-22T22:00:00Z,59,0,59,0
2021-07-22T23:00:00Z,327,0,327,0
2021-07-23T00:00:00Z,1,506,507,0
2021-07-23T01:00:00Z,0,356,356,0
2021-07-23T02:00:00Z,0,334,334,0
2021-07-23T03:00:00Z,0,331,331,0
2021-07-23T04:00:00Z,0,423,423,0
2021-07-23T05:00:00Z,0,377,377,0
2021-07-23T06:00:00Z,0,322,322,1
2021-07-23T07:00:00Z,0,337,337,1
2021-07-23T08:00:00Z,0,307,307,1
2021-07-23T09:00:00Z,0,97,97,1
2021-07-23T10:00:00Z,0,156,156,1
2021-07-23T11:00:00Z,0,196,196,1
2021-07-23T12:00:00Z,0,193,193,1
2021-07-23T13:00:00Z,0,209,209,1
2021-07-23T14:00:00Z,0,209,209,1
2021-07-23T15:00:00Z,0,203,203,1
2021-07-23T16:00:00Z,97,0,97,1
2021-07-23T17:00:00Z,70,0,70,1
2021-07-23T18:00:00Z,85,0,85,1
2021-07-23T19:00:00Z,113,0,113,1
2021-07-23T20:00:00Z,509,0,509,1
2021-07-23T21:00:00Z,349,0,349,1
2021-07-23T22:00:00Z,279,0,279,0
2021-07-23T23:00:00Z,90,0,90,0
2021-07-24T00:00:00Z,0,314,314,0
2021-07-24T01:00:00Z,0,884,884,0
2021-07-24T02:00:00Z,0,419,419,0
2021-07-24T03:00:00Z,0,297,297,0
2021-07-24T04:00:00Z,0,319,319,0
2021-07-24T05:00:00Z,0,237,237,0
2021-07-24T06:00:00Z,0,343,343,1
2021-07-24T07:00:00Z,0,437,437,1
2021-07-24T08:00:00Z,0,708,708,1
2021-07-24T09:00:00Z,0,1813,1813,1
2021-07-24T10:00:00Z,0,339,339,1
2021-07-24T11:00:00Z,0,214,214,1
2021-07-24T12:00:00Z,0,201,201,1
2021-07-24T13:00:00Z,0,184,184,1
2021-07-24T14:00:00Z,0,200,200,1
2021-07-24T15:00:00Z,0,834,834,1
2021-07-24T16:00:00Z,192,6,198,1
2021-07-24T17:00:00Z,90,0,90,1
2021-07-24T18:00:00Z,107,0,107,1
2021-07-24T19:00:00Z,58,0,58,1
2021-07-24T20:00:00Z,523,0,523,1
2021-07-24T21:00:00Z,146,0,146,1
2021-07-24T22:00:00Z,470,0,470,0
2021-07-24T23:00:00Z,264,0,264,0
2021-07-25T00:00:00Z,419,0,419,0
2021-07-25T01:00:00Z,549,0,549,0
2021-07-25T02:00:00Z,382,0,382,0
2021-07-25T03:00:00Z,251,0,251,0
2021-07-25T04:00:00Z,353,0,353,0
2021-07-25T05:00:00Z,306,0,306,0
2021-07-25T06:00:00Z,676,0,676,1
2021-07-25T07:00:00Z,1659,0,1659,1
2021-07-25T08:00:00Z,175,0,175,1
2021-07-25T09:00:00Z,49,0,49,1
2021-07-25T10:00:00Z,346,0,346,1
2021-07-25T11:00:00Z,221,0,221,1
2021-07-25T12:00:00Z,197,0,197,1
2021-07-25T13:00:00Z,217,0,217,1
2021-07-25T14:00:00Z,168,0,168,1
2021-07-25T15:00:00Z,197,0,197,1
2021-07-25T16:00:00Z,101,0,101,1
2021-07-25T17:00:00Z,101,0,101,1
2021-07-25T18:00:00Z,53,0,53,1
2021-07-25T19:00:00Z,119,0,119,1
2021-07-25T20:00:00Z,422,0,422,1
2021-07-25T21:00:00Z,319,0,319,1
2021-07-25T22:00:00Z,254,0,254,0
2021-07-25T23:00:00Z,62,0,62,0
2021-07-26T00:00:00Z,110,0,110,0
2021-07-26T01:00:00Z,320,0,320,0
2021-07-26T02:00:00Z,304,0,304,0
2021-07-26T03:00:00Z,588,0,588,0
2021-07-26T04:00:00Z,282,0,282,0
2021-07-26T05:00:00Z,305,0,305,0
2021-07-26T06:00:00Z,340,0,340,1
2021-07-26T07:00:00Z,285,0,285,1
2021-07-26T08:00:00Z,247,0,247,1
2021-07-26T09:00:00Z,491,0,491,1
2021-07-26T10:00:00Z,229,0,229,1
2021-07-26T11:00:00Z,249,0,249,1
2021-07-26T12:00:00Z,202,0,202,1
2021-07-26T13:00:00Z,200,0,200,1
2021-07-26T14:00:00Z,209,0,209,1
2021-07-26T15:00:00Z,226,0,226,1
2021-07-26T16:00:00Z,73,0,73,1
2021-07-26T17:00:00Z,114,0,114,1
2021-07-26T18:00:00Z,78,0,78,1
2021-07-26T19:00:00Z,87,0,87,1
2021-07-26T20:00:00Z,483,0,483,1
2021-07-26T21:00:00Z,108,0,108,1
2021-07-26T22:00:00Z,494,0,494,0
2021-07-26T23:00:00Z,161,0,161,0
2021-07-27T00:00:00Z,0,195,195,0
2021-07-27T01:00:00Z,0,68,68,0
2021-07-27T02:00:00Z,0,84,84,0
2021-07-27T03:00:00Z,0,79,79,0
2021-07-27T04:00:00Z,0,67,67,0
2021-07-27T05:00:00Z,0,94,94,0
2021-07-27T06:00:00Z,0,55,55,1
2021-07-27T07:00:00Z,0,106,106,1
2021-07-27T08:00:00Z,0,39,39,1
2021-07-27T09:00:00Z,0,349,349,1
2021-07-27T10:00:00Z,0,243,243,1
2021-07-27T11:00:00Z,0,210,210,1
2021-07-27T12:00:00Z,0,221,221,1
2021-07-27T13:00:00Z,0,204,204,1
2021-07-27T14:00:00Z,0,172,172,1
2021-07-27T15:00:00Z,0,216,216,1
2021-07-27T16:00:00Z,109,1,110,1
2021-07-27T17:00:00Z,46,0,46,1
2021-07-27T18:00:00Z,110,0,110,1
2021-07-27T19:00:00Z,75,0,75,1
2021-07-27T20:00:00Z,488,0,488,1
2021-07-27T21:00:00Z,505,0,505,1
2021-07-27T22:00:00Z,69,0,69,0
2021-07-27T23:00:00Z,263,0,263,0
2021-07-28T00:00:00Z,5,372,377,0
2021-07-28T01:00:00Z,0,299,299,0
2021-07-28T02:00:00Z,0,257,257,0
2021-07-28T03:00:00Z,0,355,355,0
2021-07-28T04:00:00Z,0,358,358,0
2021-07-28T05:00:00Z,0,280,280,0
2021-07-28T06:00:00Z,0,204,204,1
2021-07-28T07:00:00Z,0,386,386,1
2021-07-28T08:00:00Z,0,251,251,1
2021-07-28T09:00:00Z,0,281,281,1
2021-07-28T10:00:00Z,0,341,341,1
2021-07-28T11:00:00Z,0,711,711,1
2021-07-28T12:00:00Z,0,204,204,1
2021-07-28T13:00:00Z,0,218,218,1
2021-07-28T14:00:00Z,0,181,181,1
2021-07-28T15:00:00Z,0,198,198,1
2021-07-28T16:00:00Z,120,0,120,1
2021-07-28T17:00:00Z,49,0,49,1
2021-07-28T18:00:00Z,110,0,110,1
2021-07-28T19:00:00Z,72,0,72,1
2021-07-28T20:00:00Z,485,0,485,1
2021-07-28T21:00:00Z,143,0,143,1
2021-07-28T22:00:00Z,435,0,435,0
2021-07-28T23:00:00Z,304,0,304,0
2021-07-29T00:00:00Z,1,380,381,0
2021-07-29T01:00:00Z,0,269,269,0
2021-07-29T02:00:00Z,0,296,296,0
2021-07-29T03:00:00Z,0,249,249,0
2021-07-29T04:00:00Z,0,424,424,0
2021-07-29T05:00:00Z,0,309,309,0
2021-07-29T06:00:00Z,0,336,336,1
2021-07-29T07:00:00Z,0,316,316,1
2021-07-29T08:00:00Z,0,377,377,1
2021-07-29T09:00:00Z,0,177,177,1
2021-07-29T10:00:00Z,0,471,471,1
2021-07-29T11:00:00Z,0,368,368,1
2021-07-29T12:00:00Z,0,210,210,1
2021-07-29T13:00:00Z,0,214,214,1
2021-07-29T14:00:00Z,0,193,193,1
2021-07-29T15:00:00Z,0,209,209,1
2021-07-29T16:00:00Z,126,0,126,1
2021-07-29T17:00:00Z,53,0,53,1
2021-07-29T18:00:00Z,117,0,117,1
2021-07-29T19:00:00Z,50,0,50,1
2021-07-29T20:00:00Z,520,0,520,1
2021-07-29T21:00:00Z,95,0,95,1
2021-07-29T22:00:00Z,495,0,495,0
2021-07-29T23:00:00Z,249,0,249,0
2021-07-30T00:00:00Z,0,461,461,0
2021-07-30T01:00:00Z,0,330,330,0
2021-07-30T02:00:00Z,0,310,310,0
2021-07-30T03:00:00Z,0,379,379,0
2021-07-30T04:00:00Z,0,383,383,0
2021-07-30T05:00:00Z,0,303,303,0
2021-07-30T06:00:00Z,0,323,323,1
2021-07-30T07:00:00Z,0,307,307,1
2021-07-30T08:00:00Z,0,270,270,1
2021-07-30T09:00:00Z,0,229,229,1
2021-07-30T10:00:00Z,0,237,237,1
2021-07-30T11:00:00Z,0,602,602,1
2021-07-30T12:00:00Z,0,231,231,1
2021-07-30T13:00:00Z,0,175,175,1
2021-07-30T14:00:00Z,0,204,204,1
2021-07-30T15:00:00Z,0,239,239,1
2021-07-30T16:00:00Z,65,0,65,1
2021-07-30T17:00:00Z,119,0,119,1
2021-07-30T18:00:00Z,47,0,47,1
2021-07-30T19:00:00Z,117,0,117,1
2021-07-30T20:00:00Z,50,0,50,1
2021-07-30T21:00:00Z,110,0,110,1
2021-07-30T22:00:00Z,45,0,45,0
2021-07-30T23:00:00Z,300,0,300,0
2021-07-31T00:00:00Z,0,204,204,0
2021-07-31T01:00:00Z,0,425,425,0
2021-07-31T02:00:00Z,0,253,253,0
2021-07-31T03:00:00Z,0,237,237,0
2021-07-31T04:00:00Z,0,394,394,0
2021-07-31T05:00:00Z,0,461,461,0
2021-07-31T06:00:00Z,0,303,303,1
2021-07-31T07:00:00Z,0,851,851,1
2021-07-31T08:00:00Z,0,309,309,1
2021-07-31T09:00:00Z,0,430,430,1
2021-07-31T10:00:00Z,0,636,636,1
2021-07-31T11:00:00Z,0,249,249,1
2021-07-31T12:00:00Z,0,861,861,1
2021-07-31T13:00:00Z,0,228,228,1
2021-07-31T14:00:00Z,0,184,184,1
2021-07-31T15:00:00Z,0,219,219,1
2021-07-31T16:00:00Z,539,1,540,1
2021-07-31T17:00:00Z,52,0,52,1
2021-07-31T18:00:00Z,114,0,114,1
2021-07-31T19:00:00Z,47,0,47,1
2021-07-31T20:00:00Z,119,0,119,1
2021-07-31T21:00:00Z,47,0,47,1
2021-07-31T22:00:00Z,121,0,121,0
2021-07-31T23:00:00Z,48,0,48,0
2021-08-01T00:00:00Z,379,0,379,0
2021-08-01T01:00:00Z,1405,0,1405,0
2021-08-01T02:00:00Z,278,0,278,0
2021-08-01T03:00:00Z,79,0,79,0
2021-08-01T04:00:00Z,1353,0,1353,0
2021-08-01T05:00:00Z,952,0,952,0
2021-08-01T06:00:00Z,506,0,506,1
2021-08-01T07:00:00Z,400,0,400,1
2021-08-01T08:00:00Z,262,0,262,1
2021-08-01T09:00:00Z,853,0,853,1
2021-08-01T10:00:00Z,385,0,385,1
2021-08-01T11:00:00Z,327,0,327,1
2021-08-01T12:00:00Z,273,0,273,1
2021-08-01T13:00:00Z,210,0,210,1
2021-08-01T14:00:00Z,229,0,229,1
2021-08-01T15:00:00Z,166,0,166,1
2021-08-01T16:00:00Z,651,0,651,1
2021-08-01T17:00:00Z,51,0,51,1
2021-08-01T18:00:00Z,113,0,113,1
2021-08-01T19:00:00Z,46,0,46,1
2021-08-01T20:00:00Z,125,0,125,1
2021-08-01T21:00:00Z,43,0,43,1
2021-08-01T22:00:00Z,117,0,117,0
2021-08-01T23:00:00Z,50,0,50,0
2021-08-02T00:00:00Z,820,0,820,0
2021-08-02T01:00:00Z,1235,0,1235,0
2021-08-02T02:00:00Z,488,0,488,0
2021-08-02T03:00:00Z,60,0,60,0
2021-08-02T04:00:00Z,85,0,85,0
2021-08-02T05:00:00Z,81,0,81,0
2021-08-02T06:00:00Z,61,0,61,1
2021-08-02T07:00:00Z,144,0,144,1
2021-08-02T08:00:00Z,563,0,563,1
2021-08-02T09:00:00Z,815,0,815,1
2021-08-02T10:00:00Z,1078,0,1078,1
2021-08-02T11:00:00Z,2600,0,2600,1
2021-08-02T12:00:00Z,342,0,342,1
2021-08-02T13:00:00Z,189,0,189,1
2021-08-02T14:00:00Z,221,0,221,1
2021-08-02T15:00:00Z,161,0,161,1
2021-08-02T16:00:00Z,96,0,96,1
2021-08-02T17:00:00Z,68,0,68,1
2021-08-02T18:00:00Z,98,0,98,1
2021-08-02T19:00:00Z,272,0,272,1
2021-08-02T20:00:00Z,297,0,297,1
2021-08-02T21:00:00Z,472,0,472,1
2021-08-02T22:00:00Z,76,0,76,0
2021-08-02T23:00:00Z,273,0,273,0
2021-08-03T00:00:00Z,0,278,278,0
2021-08-03T01:00:00Z,0,312,312,0
2021-08-03T02:00:00Z,0,266,266,0
2021-08-03T03:00:00Z,0,332,332,0
2021-08-03T04:00:00Z,0,236,236,0
2021-08-03T05:00:00Z,0,231,231,0
2021-08-03T06:00:00Z,0,51,51,1
2021-08-03T07:00:00Z,0,70,70,1
2021-08-03T08:00:00Z,0,83,83,1
2021-08-03T09:00:00Z,0,40,40,1
2021-08-03T10:00:00Z,0,285,285,1
2021-08-03T11:00:00Z,0,686,686,1
2021-08-03T12:00:00Z,0,492,492,1
2021-08-03T13:00:00Z,0,163,163,1
2021-08-03T14:00:00Z,0,253,253,1
2021-08-03T15:00:00Z,0,194,194,1
2021-08-03T16:00:00Z,120,0,120,1
2021-08-03T17:00:00Z,48,0,48,1
2021-08-03T18:00:00Z,106,0,106,1
2021-08-03T19:00:00Z,52,0,52,1
2021-08-03T20:00:00Z,533,0,533,1
2021-08-03T21:00:00Z,90,0,90,1
2021-08-03T22:00:00Z,512,0,512,0
2021-08-03T23:00:00Z,243,0,243,0
2021-08-04T00:00:00Z,0,208,208,0
2021-08-04T01:00:00Z,0,0,0,0
2021-08-04T02:00:00Z,0,0,0,0
2021-08-04T03:00:00Z,0,0,0,0
2021-08-04T04:00:00Z,0,0,0,0
2021-08-04T05:00:00Z,0,0,0,0
2021-08-04T06:00:00Z,0,0,0,1
2021-08-04T07:00:00Z,0,0,0,1
2021-08-04T08:00:00Z,0,0,0,1
2021-08-04T09:00:00Z,0,0,0,1
2021-08-04T10:00:00Z,0,0,0,1
2021-08-04T11:00:00Z,0,0,0,1
2021-08-04T12:00:00Z,0,0,0,1
2021-08-04T13:00:00Z,0,0,0,1
2021-08-04T14:00:00Z,0,0,0,1
2021-08-04T15:00:00Z,0,0,0,1
2021-08-04T16:00:00Z,0,0,0,1
2021-08-04T17:00:00Z,0,0,0,1
2021-08-04T18:00:00Z,0,0,0,1
2021-08-04T19:00:00Z,0,0,0,1
2021-08-04T20:00:00Z,0,0,0,1
2021-08-04T21:00:00Z,0,0,0,1
2021-08-04T22:00:00Z,0,0,0,0
2021-08-04T23:00:00Z,0,0,0,0
2021-08-05T00:00:00Z,0,0,0,0
2021-08-05T01:00:00Z,0,0,0,0
2021-08-05T02:00:00Z,0,0,0,0
2021-08-05T03:00:00Z,0,0,0,0
2021-08-05T04:00:00Z,0,0,0,0
2021-08-05T05:00:00Z,0,0,0,0
2021-08-05T06:00:00Z,0,0,0,1
2021-08-05T07:00:00Z,0,0,0,1
2021-08-05T08:00:00Z,0,0,0,1
2021-08-05T09:00:00Z,0,0,0,1
2021-08-05T11:00:00Z,0,0,0,1
2021-08-05T12:00:00Z,0,0,0,1
2021-08-05T13:00:00Z,0,0,0,1
2021-08-05T14:00:00Z,0,0,0,1
2021-08-05T15:00:00Z,0,0,0,1
2021-08-05T16:00:00Z,0,0,0,1
2021-08-05T17:00:00Z,0,0,0,1
2021-08-05T18:00:00Z,0,0,0,1
2021-08-05T19:00:00Z,0,0,0,1
2021-08-05T20:00:00Z,0,0,0,1
2021-08-05T21:00:00Z,0,0,0,1
2021-08-05T22:00:00Z,0,0,0,0
2021-08-05T23:00:00Z,0,0,0,0
2021-08-06T00:00:00Z,0,0,0,0
2021-08-06T01:00:00Z,0,0,0,0
2021-08-06T02:00:00Z,0,0,0,0
2021-08-06T03:00:00Z,0,0,0,0
2021-08-06T04:00:00Z,0,0,0,0
2021-08-06T05:00:00Z,0,0,0,0
2021-08-06T06:00:00Z,0,0,0,1
2021-08-06T07:00:00Z,0,0,0,1
2021-08-06T08:00:00Z,0,0,0,1
2021-08-06T09:00:00Z,0,0,0,1
2021-08-06T10:00:00Z,0,0,0,1
2021-08-06T11:00:00Z,0,0,0,1
2021-08-06T12:00:00Z,0,0,0,1
2021-08-06T13:00:00Z,0,0,0,1
2021-08-06T14:00:00Z,0,0,0,1
2021-08-06T15:00:00Z,0,0,0,1
2021-08-06T16:00:00Z,0,0,0,1
2021-08-06T17:00:00Z,0,0,0,1
2021-08-06T18:00:00Z,0,0,0,1
2021-08-06T19:00:00Z,0,0,0,1
2021-08-06T20:00:00Z,0,0,0,1
2021-08-06T21:00:00Z,0,0,0,1
2021-08-06T22:00:00Z,0,0,0,0
2021-08-06T23:00:00Z,0,0,0,0
2021-08-07T00:00:00Z,0,0,0,0
2021-08-07T01:00:00Z,0,0,0,0
2021-08-07T02:00:00Z,0,0,0,0
2021-08-07T03:00:00Z,0,0,0,0
2021-08-07T04:00:00Z,0,0,0,0
2021-08-07T05:00:00Z,0,0,0,0
2021-08-07T06:00:00Z,0,0,0,1
2021-08-07T07:00:00Z,0,0,0,1
2021-08-07T08:00:00Z,0,0,0,1
2021-08-07T09:00:00Z,0,0,0,1
2021-08-07T10:00:00Z,0,0,0,1
2021-08-07T11:00:00Z,0,0,0,1
2021-08-07T12:00:00Z,0,0,0,1
2021-08-07T13:00:00Z,0,0,0,1
2021-08-07T14:00:00Z,0,0,0,1
2021-08-07T15:00:00Z,0,0,0,1
2021-08-07T16:00:00Z,0,0,0,1
2021-08-07T17:00:00Z,0,0,0,1
2021-08-07T18:00:00Z,0,0,0,1
2021-08-07T19:00:00Z,0,0,0,1
2021-08-07T20:00:00Z,0,0,0,1
2021-08-07T21:00:00Z,0,0,0,1
2021-08-07T22:00:00Z,0,0,0,0
2021-08-07T23:00:00Z,0,0,0,0
2021-08-08T00:00:00Z,0,0,0,0
2021-08-08T01:00:00Z,0,0,0,0
2021-08-08T02:00:00Z,0,0,0,0
2021-08-08T03:00:00Z,0,0,0,0
2021-08-08T04:00:00Z,0,0,0,0
2021-08-08T05:00:00Z,0,0,0,0
2021-08-08T06:00:00Z,0,0,0,1
2021-08-08T07:00:00Z,0,0,0,1
2021-08-08T08:00:00Z,0,0,0,1
2021-08-08T09:00:00Z,0,0,0,1
2021-08-08T10:00:00Z,0,0,0,1
2021-08-08T11:00:00Z,0,0,0,1
2021-08-08T12:00:00Z,0,0,0,1
2021-08-08T13:00:00Z,0,0,0,1
2021-08-08T14:00:00Z,0,0,0,1
2021-08-08T15:00:00Z,0,0,0,1
2021-08-08T16:00:00Z,0,0,0,1
2021-08-08T17:00:00Z,0,0,0,1
2021-08-08T18:00:00Z,0,0,0,1
2021-08-08T19:00:00Z,0,0,0,1
2021-08-08T20:00:00Z,0,0,0,1
2021-08-08T21:00:00Z,0,0,0,1
2021-08-08T22:00:00Z,0,0,0,0
2021-08-08T23:00:00Z,0,0,0,0
2021-08-09T00:00:00Z,0,0,0,0
2021-08-09T01:00:00Z,0,0,0,0
2021-08-09T02:00:00Z,0,0,0,0
2021-08-09T03:00:00Z,0,0,0,0
2021-08-09T04:00:00Z,0,0,0,0
2021-08-09T05:00:00Z,0,0,0,0
2021-08-09T06:00:00Z,0,0,0,1
2021-08-09T07:00:00Z,0,0,0,1
2021-08-09T08:00:00Z,0,0,0,1
2021-08-09T09:00:00Z,0,0,0,1
2021-08-09T10:00:00Z,0,0,0,1
2021-08-09T11:00:00Z,0,0,0,1
2021-08-09T12:00:00Z,0,0,0,1
2021-08-09T13:00:00Z,0,0,0,1
2021-08-09T14:00:00Z,0,0,0,1
2021-08-09T15:00:00Z,0,0,0,1
2021-08-09T16:00:00Z,0,0,0,1
2021-08-09T17:00:00Z,0,0,0,1
2021-08-09T18:00:00Z,0,0,0,1
2021-08-09T19:00:00Z,0,0,0,1
2021-08-09T20:00:00Z,0,0,0,1
2021-08-09T21:00:00Z,0,0,0,1
2021-08-09T22:00:00Z,0,0,0,0
2021-08-09T23:00:00Z,0,0,0,0
2021-08-10T00:00:00Z,0,0,0,0
2021-08-10T01:00:00Z,0,0,0,0
2021-08-10T02:00:00Z,0,0,0,0
2021-08-10T03:00:00Z,0,0,0,0
2021-08-10T04:00:00Z,0,0,0,0
2021-08-10T05:00:00Z,0,0,0,0
2021-08-10T06:00:00Z,0,0,0,1
2021-08-10T07:00:00Z,0,0,0,1
2021-08-10T08:00:00Z,0,0,0,1
2021-08-10T09:00:00Z,0,0,0,1
2021-08-10T10:00:00Z,0,0,0,1
2021-08-10T11:00:00Z,0,0,0,1
2021-08-10T12:00:00Z,0,0,0,1
2021-08-10T13:00:00Z,0,0,0,1
2021-08-10T14:00:00Z,0,0,0,1
2021-08-10T15:00:00Z,0,0,0,1
2021-08-10T16:00:00Z,0,0,0,1
2021-08-10T17:00:00Z,0,0,0,1
2021-08-10T18:00:00Z,0,0,0,1
2021-08-10T19:00:00Z,0,0,0,1
2021-08-10T20:00:00Z,0,0,0,1
2021-08-10T21:00:00Z,0,0,0,1
2021-08-10T22:00:00Z,0,0,0,0
2021-08-10T23:00:00Z,0,0,0,0
2021-08-11T00:00:00Z,0,0,0,0
2021-08-11T01:00:00Z,0,0,0,0
2021-08-11T02:00:00Z,0,0,0,0
2021-08-11T03:00:00Z,0,0,0,0
2021-08-11T04:00:00Z,0,0,0,0
2021-08-11T05:00:00Z,0,0,0,0
2021-08-11T06:00:00Z,0,0,0,1
2021-08-11T07:00:00Z,0,0,0,1
2021-08-11T08:00:00Z,0,0,0,1
2021-08-11T09:00:00Z,0,0,0,1
2021-08-11T10:00:00Z,0,0,0,1
2021-08-11T11:00:00Z,0,0,0,1
2021-08-11T12:00:00Z,0,0,0,1
2021-08-11T13:00:00Z,0,0,0,1
2021-08-11T14:00:00Z,0,0,0,1
2021-08-11T15:00:00Z,0,0,0,1
2021-08-11T16:00:00Z,0,0,0,1
2021-08-11T17:00:00Z,0,0,0,1
2021-08-11T18:00:00Z,0,0,0,1
2021-08-11T19:00:00Z,0,0,0,1
2021-08-11T20:00:00Z,0,0,0,1
2021-08-11T21:00:00Z,0,0,0,1
2021-08-11T22:00:00Z,0,0,0,0
2021-08-11T23:00:00Z,0,0,0,0
2021-08-12T00:00:00Z,0,0,0,0
2021-08-12T01:00:00Z,0,0,0,0
2021-08-12T02:00:00Z,0,0,0,0
2021-08-12T03:00:00Z,0,0,0,0
2021-08-12T04:00:00Z,0,0,0,0
2021-08-12T05:00:00Z,0,0,0,0
2021-08-12T06:00:00Z,0,0,0,1
2021-08-12T07:00:00Z,0,0,0,1
2021-08-12T08:00:00Z,0,0,0,1
2021-08-12T09:00:00Z,0,0,0,1
2021-08-12T10:00:00Z,0,0,0,1
2021-08-12T11:00:00Z,0,0,0,1
2021-08-12T12:00:00Z,0,0,0,1
2021-08-12T13:00:00Z,0,0,0,1
2021-08-12T14:00:00Z,0,0,0,1
2021-08-12T15:00:00Z,0,0,0,1
2021-08-12T16:00:00Z,0,0,0,1
2021-08-12T17:00:00Z,0,0,0,1
2021-08-12T18:00:00Z,0,0,0,1
2021-08-12T19:00:00Z,0,0,0,1
2021-08-12T20:00:00Z,0,0,0,1
2021-08-12T21:00:00Z,0,0,0,1
2021-08-12T22:00:00Z,0,0,0,0
2021-08-12T23:00:00Z,0,0,0,0
2021-08-13T00:00:00Z,0,0,0,0
2021-08-13T01:00:00Z,0,0,0,0
2021-08-13T02:00:00Z,0,0,0,0
2021-08-13T03:00:00Z,0,0,0,0
2021-08-13T04:00:00Z,0,0,0,0
2021-08-13T05:00:00Z,0,0,0,0
2021-08-13T06:00:00Z,0,0,0,1
2021-08-13T07:00:00Z,0,0,0,1
2021-08-13T08:00:00Z,0,0,0,1
2021-08-13T09:00:00Z,0,0,0,1
2021-08-13T10:00:00Z,0,0,0,1
2021-08-13T11:00:00Z,0,0,0,1
2021-08-13T12:00:00Z,0,0,0,1
2021-08-13T13:00:00Z,0,0,0,1
2021-08-13T14:00:00Z,0,0,0,1
2021-08-13T15:00:00Z,0,0,0,1
2021-08-13T16:00:00Z,0,0,0,1
2021-08-13T17:00:00Z,0,0,0,1
2021-08-13T18:00:00Z,0,0,0,1
2021-08-13T19:00:00Z,0,0,0,1
2021-08-13T20:00:00Z,0,0,0,1
2021-08-13T21:00:00Z,0,0,0,1
2021-08-13T22:00:00Z,0,0,0,0
2021-08-13T23:00:00Z,0,0,0,0
2021-08-14T00:00:00Z,0,0,0,0
2021-08-14T01:00:00Z,0,0,0,0
2021-08-14T02:00:00Z,0,0,0,0
2021-08-14T03:00:00Z,0,0,0,0
2021-08-14T04:00:00Z,0,0,0,0
2021-08-14T05:00:00Z,0,0,0,0
2021-08-14T06:00:00Z,0,0,0,1
2021-08-14T07:00:00Z,0,0,0,1
2021-08-14T08:00:00Z,0,0,0,1
2021-08-14T09:00:00Z,0,0,0,1
2021-08-14T10:00:00Z,0,0,0,1
2021-08-14T11:00:00Z,0,0,0,1
2021-08-14T12:00:00Z,0,0,0,1
2021-08-14T13:00:00Z,0,0,0,1
2021-08-14T14:00:00Z,0,0,0,1
2021-08-14T15:00:00Z,0,0,0,1
2021-08-14T16:00:00Z,0,0,0,1
2021-08-14T17:00:00Z,0,0,0,1
2021-08-14T18:00:00Z,0,0,0,1
2021-08-14T19:00:00Z,0,0,0,1
2021-08-14T20:00:00Z,0,0,0,1
2021-08-14T21:00:00Z,0,0,0,1
2021-08-14T22:00:00Z,0,0,0,0
2021-08-14T23:00:00Z,0,0,0,0
2021-08-15T00:00:00Z,0,0,0,0
2021-08-15T01:00:00Z,0,0,0,0
2021-08-15T02:00:00Z,0,0,0,0
2021-08-15T03:00:00Z,0,0,0,0
2021-08-15T05:00:00Z,0,0,0,0
2021-08-15T06:00:00Z,0,0,0,1
2021-08-15T07:00:00Z,0,0,0,1
2021-08-15T08:00:00Z,0,0,0,1
2021-08-15T09:00:00Z,0,0,0,1
2021-08-15T10:00:00Z,0,0,0,1
2021-08-15T11:00:00Z,0,0,0,1
2021-08-15T12:00:00Z,0,0,0,1
2021-08-15T13:00:00Z,0,0,0,1
2021-08-15T14:00:00Z,0,0,0,1
2021-08-15T15:00:00Z,0,0,0,1
2021-08-15T16:00:00Z,0,0,0,1
2021-08-15T17:00:00Z,0,0,0,1
2021-08-15T18:00:00Z,0,0,0,1
2021-08-15T19:00:00Z,0,0,0,1
2021-08-15T20:00:00Z,0,0,0,1
2021-08-15T21:00:00Z,0,0,0,1
2021-08-15T22:00:00Z,0,0,0,0
2021-08-15T23:00:00Z,0,0,0,0
2021-08-16T00:00:00Z,0,0,0,0
2021-08-16T01:00:00Z,0,0,0,0
2021-08-16T02:00:00Z,0,0,0,0
2021-08-16T03:00:00Z,0,0,0,0
2021-08-16T04:00:00Z,0,0,0,0
2021-08-16T05:00:00Z,0,0,0,0
2021-08-16T06:00:00Z,0,0,0,1
2021-08-16T07:00:00Z,0,0,0,1
2021-08-16T08:00:00Z,0,0,0,1
2021-08-16T09:00:00Z,0,0,0,1
2021-08-16T10:00:00Z,0,0,0,1
2021-08-16T11:00:00Z,0,0,0,1
2021-08-16T12:00:00Z,0,0,0,1
2021-08-16T13:00:00Z,0,0,0,1
2021-08-16T14:00:00Z,0,0,0,1
2021-08-16T15:00:00Z,0,0,0,1
2021-08-16T16:00:00Z,0,0,0,1
2021-08-16T17:00:00Z,0,0,0,1
2021-08-16T18:00:00Z,0,0,0,1
2021-08-16T19:00:00Z,0,0,0,1
2021-08-16T20:00:00Z,0,0,0,1
2021-08-16T21:00:00Z,0,0,0,1
2021-08-16T22:00:00Z,0,0,0,0
2021-08-16T23:00:00Z,0,0,0,0
2021-08-17T00:00:00Z,0,0,0,0
2021-08-17T01:00:00Z,0,0,0,0
2021-08-17T02:00:00Z,0,0,0,0
2021-08-17T03:00:00Z,0,0,0,0
2021-08-17T04:00:00Z,0,0,0,0
2021-08-17T05:00:00Z,0,0,0,0
2021-08-17T06:00:00Z,0,0,0,1
2021-08-17T07:00:00Z,0,0,0,1
2021-08-17T08:00:00Z,0,0,0,1
2021-08-17T09:00:00Z,0,0,0,1
2021-08-17T10:00:00Z,0,0,0,1
2021-08-17T11:00:00Z,0,0,0,1
2021-08-17T12:00:00Z,0,0,0,1
2021-08-17T13:00:00Z,0,0,0,1
2021-08-17T14:00:00Z,0,0,0,1
2021-08-17T15:00:00Z,0,0,0,1
2021-08-17T16:00:00Z,0,0,0,1
2021-08-17T17:00:00Z,0,0,0,1
2021-08-17T18:00:00Z,0,0,0,1
2021-08-17T19:00:00Z,0,0,0,1
2021-08-17T20:00:00Z,0,0,0,1
2021-08-17T21:00:00Z,0,0,0,1
2021-08-17T22:00:00Z,0,0,0,0
2021-08-17T23:00:00Z,0,0,0,0
2021-08-18T00:00:00Z,0,0,0,0
2021-08-18T01:00:00Z,0,0,0,0
2021-08-18T02:00:00Z,0,0,0,0
2021-08-18T03:00:00Z,0,0,0,0
2021-08-18T04:00:00Z,0,0,0,0
2021-08-18T05:00:00Z,0,0,0,0
2021-08-18T06:00:00Z,0,0,0,1
2021-08-18T07:00:00Z,0,0,0,1
2021-08-18T08:00:00Z,0,0,0,1
2021-08-18T09:00:00Z,0,0,0,1
2021-08-18T10:00:00Z,0,0,0,1
2021-08-18T11:00:00Z,0,0,0,1
2021-08-18T12:00:00Z,0,0,0,1
2021-08-18T13:00:00Z,0,0,0,1
2021-08-18T14:00:00Z,0,0,0,1
2021-08-18T15:00:00Z,0,0,0,1
2021-08-18T16:00:00Z,0,0,0,1
2021-08-18T17:00:00Z,0,0,0,1
2021-08-18T18:00:00Z,0,0,0,1
2021-08-18T19:00:00Z,0,0,0,1
2021-08-18T20:00:00Z,0,0,0,1
2021-08-18T21:00:00Z,0,0,0,1
2021-08-18T22:00:00Z,0,0,0,0
2021-08-18T23:00:00Z,0,0,0,0
2021-08-19T00:00:00Z,0,0,0,0
2021-08-19T01:00:00Z,0,0,0,0
2021-08-19T02:00:00Z,0,0,0,0
2021-08-19T03:00:00Z,0,0,0,0
2021-08-19T04:00:00Z,0,0,0,0
2021-08-19T05:00:00Z,0,0,0,0
2021-08-19T06:00:00Z,0,0,0,1
2021-08-19T07:00:00Z,0,0,0,1
2021-08-19T08:00:00Z,0,0,0,1
2021-08-19T09:00:00Z,0,0,0,1
2021-08-19T10:00:00Z,0,0,0,1
2021-08-19T11:00:00Z,0,0,0,1
2021-08-19T12:00:00Z,0,0,0,1
2021-08-19T13:00:00Z,0,0,0,1
2021-08-19T14:00:00Z,0,0,0,1
2021-08-19T15:00:00Z,0,0,0,1
2021-08-19T16:00:00Z,0,0,0,1
2021-08-19T17:00:00Z,0,0,0,1
2021-08-19T18:00:00Z,0,0,0,1
2021-08-19T19:00:00Z,0,0,0,1
2021-08-19T20:00:00Z,0,0,0,1
2021-08-19T21:00:00Z,0,0,0,1
2021-08-19T22:00:00Z,0,0,0,0
2021-08-19T23:00:00Z,0,0,0,0
2021-08-20T00:00:00Z,0,0,0,0
2021-08-20T01:00:00Z,0,0,0,0
2021-08-20T02:00:00Z,0,0,0,0
2021-08-20T03:00:00Z,0,0,0,0
2021-08-20T04:00:00Z,0,0,0,0
2021-08-20T05:00:00Z,0,0,0,0
2021-08-20T06:00:00Z,0,0,0,1
2021-08-20T07:00:00Z,0,0,0,1
2021-08-20T08:00:00Z,0,0,0,1
2021-08-20T09:00:00Z,0,0,0,1
2021-08-20T10:00:00Z,0,0,0,1
2021-08-20T11:00:00Z,0,0,0,1
2021-08-20T12:00:00Z,0,0,0,1
2021-08-20T13:00:00Z,0,0,0,1
2021-08-20T14:00:00Z,0,0,0,1
2021-08-20T15:00:00Z,0,0,0,1
2021-08-20T16:00:00Z,0,0,0,1
2021-08-20T17:00:00Z,0,0,0,1
2021-08-20T18:00:00Z,0,0,0,1
2021-08-20T19:00:00Z,0,0,0,1
2021-08-20T20:00:00Z,0,0,0,1
2021-08-20T21:00:00Z,0,0,0,1
2021-08-20T22:00:00Z,0,0,0,0
2021-08-20T23:00:00Z,0,0,0,0
2021-08-21T00:00:00Z,0,0,0,0
2021-08-21T01:00:00Z,0,0,0,0
2021-08-21T02:00:00Z,0,0,0,0
2021-08-21T03:00:00Z,0,0,0,0
2021-08-21T04:00:00Z,0,0,0,0
2021-08-21T05:00:00Z,0,0,0,0
2021-08-21T06:00:00Z,0,0,0,1
2021-08-21T07:00:00Z,0,0,0,1
2021-08-21T08:00:00Z,0,0,0,1
2021-08-21T09:00:00Z,0,0,0,1
2021-08-21T10:00:00Z,0,0,0,1
2021-08-21T11:00:00Z,0,0,0,1
2021-08-21T12:00:00Z,0,0,0,1
2021-08-21T13:00:00Z,0,0,0,1
2021-08-21T14:00:00Z,0,0,0,1
2021-08-21T15:00:00Z,0,0,0,1
2021-08-21T16:00:00Z,0,0,0,1
2021-08-21T17:00:00Z,0,0,0,1
2021-08-21T18:00:00Z,0,0,0,1
2021-08-21T19:00:00Z,0,0,0,1
2021-08-21T20:00:00Z,0,0,0,1
2021-08-21T21:00:00Z,0,0,0,1
2021-08-21T22:00:00Z,0,0,0,0
2021-08-21T23:00:00Z,0,0,0,0
2021-08-22T00:00:00Z,0,0,0,0
2021-08-22T01:00:00Z,0,0,0,0
2021-08-22T02:00:00Z,0,0,0,0
2021-08-22T03:00:00Z,0,0,0,0
2021-08-22T04:00:00Z,0,0,0,0
2021-08-22T05:00:00Z,0,0,0,0
2021-08-22T06:00:00Z,0,0,0,1
2021-08-22T07:00:00Z,0,0,0,1
2021-08-22T08:00:00Z,0,0,0,1
2021-08-22T09:00:00Z,0,0,0,1
2021-08-22T10:00:00Z,0,0,0,1
2021-08-22T11:00:00Z,0,0,0,1
2021-08-22T12:00:00Z,0,0,0,1
2021-08-22T13:00:00Z,0,0,0,1
2021-08-22T14:00:00Z,0,0,0,1
2021-08-22T15:00:00Z,0,0,0,1
2021-08-22T16:00:00Z,0,0,0,1
2021-08-22T17:00:00Z,0,0,0,1
2021-08-22T18:00:00Z,0,0,0,1
2021-08-22T19:00:00Z,0,0,0,1
2021-08-22T20:00:00Z,0,0,0,1
2021-08-22T21:00:00Z,0,0,0,1
2021-08-22T22:00:00Z,0,0,0,0
2021-08-22T23:00:00Z,0,0,0,0
2021-08-23T00:00:00Z,0,0,0,0
2021-08-23T01:00:00Z,0,0,0,0
2021-08-23T02:00:00Z,0,0,0,0
2021-08-23T03:00:00Z,0,0,0,0
2021-08-23T04:00:00Z,0,0,0,0
2021-08-23T05:00:00Z,0,0,0,0
2021-08-23T06:00:00Z,0,0,0,1
2021-08-23T07:00:00Z,0,0,0,1
2021-08-23T08:00:00Z,0,0,0,1
2021-08-23T09:00:00Z,0,0,0,1
2021-08-23T10:00:00Z,0,0,0,1
2021-08-23T11:00:00Z,0,0,0,1
2021-08-23T12:00:00Z,0,0,0,1
2021-08-23T13:00:00Z,0,0,0,1
2021-08-23T14:00:00Z,0,0,0,1
2021-08-23T15:00:00Z,0,0,0,1
2021-08-23T16:00:00Z,0,0,0,1
2021-08-23T17:00:00Z,0,0,0,1
2021-08-23T18:00:00Z,0,0,0,1
2021-08-23T19:00:00Z,0,0,0,1
2021-08-23T20:00:00Z,0,0,0,1
2021-08-23T21:00:00Z,0,0,0,1
2021-08-23T22:00:00Z,0,0,0,0
2021-08-23T23:00:00Z,0,0,0,0
2021-08-24T00:00:00Z,0,0,0,0
2021-08-24T01:00:00Z,0,0,0,0
2021-08-24T02:00:00Z,0,0,0,0
2021-08-24T03:00:00Z,0,0,0,0
2021-08-24T04:00:00Z,0,0,0,0
2021-08-24T05:00:00Z,0,0,0,0
2021-08-24T06:00:00Z,0,0,0,1
2021-08-24T07:00:00Z,0,0,0,1
2021-08-24T08:00:00Z,0,0,0,1
2021-08-24T09:00:00Z,0,0,0,1
2021-08-24T10:00:00Z,0,0,0,1
2021-08-24T11:00:00Z,0,0,0,1
2021-08-24T12:00:00Z,0,0,0,1
2021-08-24T13:00:00Z,0,0,0,1
2021-08-24T14:00:00Z,0,0,0,1
2021-08-24T15:00:00Z,0,0,0,1
2021-08-24T16:00:00Z,0,0,0,1
2021-08-24T17:00:00Z,0,0,0,1
2021-08-24T18:00:00Z,0,0,0,1
2021-08-24T19:00:00Z,0,0,0,1
2021-08-24T20:00:00Z,0,0,0,1
2021-08-24T21:00:00Z,0,0,0,1
2021-08-24T22:00:00Z,0,0,0,0
2021-08-24T23:00:00Z,0,0,0,0
2021-08-25T00:00:00Z,0,0,0,0
2021-08-25T01:00:00Z,0,0,0,0
2021-08-25T02:00:00Z,0,0,0,0
2021-08-25T03:00:00Z,0,0,0,0
2021-08-25T04:00:00Z,0,0,0,0
2021-08-25T05:00:00Z,0,0,0,0
2021-08-25T06:00:00Z,0,0,0,1
2021-08-25T07:00:00Z,0,0,0,1
2021-08-25T08:00:00Z,0,0,0,1
2021-08-25T09:00:00Z,0,0,0,1
2021-08-25T10:00:00Z,0,0,0,1
2021-08-25T11:00:00Z,0,0,0,1
2021-08-25T12:00:00Z,0,0,0,1
2021-08-25T13:00:00Z,0,0,0,1
2021-08-25T14:00:00Z,0,0,0,1
2021-08-25T15:00:00Z,0,0,0,1
2021-08-25T16:00:00Z,0,0,0,1
2021-08-25T17:00:00Z,0,0,0,1
2021-08-25T18:00:00Z,0,0,0,1
2021-08-25T19:00:00Z,0,0,0,1
2021-08-25T20:00:00Z,0,0,0,1
2021-08-25T21:00:00Z,0,0,0,1
2021-08-25T22:00:00Z,0,0,0,0
2021-08-25T23:00:00Z,0,0,0,0
2021-08-26T00:00:00Z,0,0,0,0
2021-08-26T01:00:00Z,0,0,0,0
2021-08-26T02:00:00Z,0,0,0,0
2021-08-26T03:00:00Z,0,0,0,0
2021-08-26T04:00:00Z,0,0,0,0
2021-08-26T05:00:00Z,0,0,0,0
2021-08-26T06:00:00Z,0,0,0,1
2021-08-26T07:00:00Z,0,0,0,1
2021-08-26T08:00:00Z,0,0,0,1
2021-08-26T09:00:00Z,0,0,0,1
2021-08-26T10:00:00Z,0,0,0,1
2021-08-26T11:00:00Z,0,0,0,1
2021-08-26T12:00:00Z,0,0,0,1
2021-08-26T13:00:00Z,0,0,0,1
2021-08-26T14:00:00Z,0,0,0,1
2021-08-26T15:00:00Z,0,0,0,1
2021-08-26T16:00:00Z,0,0,0,1
2021-08-26T17:00:00Z,0,0,0,1
2021-08-26T18:00:00Z,0,0,0,1
2021-08-26T19:00:00Z,0,0,0,1
2021-08-26T20:00:00Z,0,0,0,1
2021-08-26T21:00:00Z,0,0,0,1
2021-08-26T22:00:00Z,0,0,0,0
2021-08-26T23:00:00Z,0,0,0,0
2021-08-27T00:00:00Z,0,0,0,0
2021-08-27T01:00:00Z,0,0,0,0
2021-08-27T02:00:00Z,0,0,0,0
2021-08-27T03:00:00Z,0,0,0,0
2021-08-27T04:00:00Z,0,0,0,0
2021-08-27T05:00:00Z,0,0,0,0
2021-08-27T06:00:00Z,0,0,0,1
2021-08-27T07:00:00Z,0,0,0,1
2021-08-27T08:00:00Z,0,0,0,1
2021-08-27T09:00:00Z,0,0,0,1
2021-08-27T10:00:00Z,0,0,0,1
2021-08-27T11:00:00Z,0,0,0,1
2021-08-27T12:00:00Z,0,0,0,1
2021-08-27T13:00:00Z,0,0,0,1
2021-08-27T14:00:00Z,0,0,0,1
2021-08-27T15:00:00Z,0,0,0,1
2021-08-27T16:00:00Z,0,0,0,1
2021-08-27T17:00:00Z,0,0,0,1
2021-08-27T18:00:00Z,0,0,0,1
2021-08-27T19:00:00Z,0,0,0,1
2021-08-27T20:00:00Z,0,0,0,1
2021-08-27T21:00:00Z,0,0,0,1
2021-08-27T22:00:00Z,0,0,0,0
2021-08-27T23:00:00Z,0,0,0,0
2021-08-28T00:00:00Z,0,0,0,0
2021-08-28T01:00:00Z,0,0,0,0
2021-08-28T02:00:00Z,0,0,0,0
2021-08-28T03:00:00Z,0,0,0,0
2021-08-28T04:00:00Z,0,0,0,0
2021-08-28T05:00:00Z,0,0,0,0
2021-08-28T06:00:00Z,0,0,0,1
2021-08-28T07:00:00Z,0,0,0,1
2021-08-28T08:00:00Z,0,0,0,1
2021-08-28T09:00:00Z,0,0,0,1
2021-08-28T10:00:00Z,0,0,0,1
2021-08-28T11:00:00Z,0,0,0,1
2021-08-28T12:00:00Z,0,0,0,1
2021-08-28T13:00:00Z,0,0,0,1
2021-08-28T14:00:00Z,0,0,0,1
2021-08-28T15:00:00Z,0,0,0,1
2021-08-28T16:00:00Z,0,0,0,1
2021-08-28T17:00:00Z,0,0,0,1
2021-08-28T18:00:00Z,0,0,0,1
2021-08-28T19:00:00Z,0,0,0,1
2021-08-28T20:00:00Z,0,0,0,1
2021-08-28T21:00:00Z,0,0,0,1
2021-08-28T22:00:00Z,0,0,0,0
2021-08-28T23:00:00Z,0,0,0,0
2021-08-29T00:00:00Z,0,0,0,0
2021-08-29T01:00:00Z,0,0,0,0
2021-08-29T02:00:00Z,0,0,0,0
2021-08-29T03:00:00Z,0,0,0,0
2021-08-29T04:00:00Z,0,0,0,0
2021-08-29T05:00:00Z,0,0,0,0
2021-08-29T06:00:00Z,0,0,0,1
2021-08-29T07:00:00Z,0,0,0,1
2021-08-29T08:00:00Z,0,0,0,1
2021-08-29T09:00:00Z,0,0,0,1
2021-08-29T10:00:00Z,0,0,0,1
2021-08-29T11:00:00Z,0,0,0,1
2021-08-29T12:00:00Z,0,0,0,1
2021-08-29T13:00:00Z,0,0,0,1
2021-08-29T14:00:00Z,0,0,0,1
2021-08-29T15:00:00Z,0,0,0,1
2021-08-29T16:00:00Z,0,0,0,1
2021-08-29T17:00:00Z,0,0,0,1
2021-08-29T18:00:00Z,0,0,0,1
2021-08-29T19:00:00Z,0,0,0,1
2021-08-29T20:00:00Z,0,0,0,1
2021-08-29T21:00:00Z,0,0,0,1
2021-08-29T22:00:00Z,0,0,0,0
2021-08-29T23:00:00Z,0,0,0,0
2021-08-30T00:00:00Z,0,0,0,0
2021-08-30T01:00:00Z,0,0,0,0
2021-08-30T02:00:00Z,0,0,0,0
2021-08-30T03:00:00Z,0,0,0,0
2021-08-30T04:00:00Z,0,0,0,0
2021-08-30T05:00:00Z,0,0,0,0
2021-08-30T06:00:00Z,0,0,0,1
2021-08-30T07:00:00Z,0,0,0,1
2021-08-30T08:00:00Z,0,0,0,1
2021-08-30T09:00:00Z,0,0,0,1
2021-08-30T10:00:00Z,0,0,0,1
2021-08-30T11:00:00Z,0,0,0,1
2021-08-30T12:00:00Z,0,0,0,1
2021-08-30T13:00:00Z,0,0,0,1
2021-08-30T14:00:00Z,0,0,0,1
2021-08-30T15:00:00Z,0,0,0,1
2021-08-30T16:00:00Z,0,0,0,1
2021-08-30T17:00:00Z,0,0,0,1
2021-08-30T18:00:00Z,0,0,0,1
2021-08-30T19:00:00Z,0,0,0,1
2021-08-30T20:00:00Z,0,0,0,1
2021-08-30T21:00:00Z,0,0,0,1
2021-08-30T22:00:00Z,0,0,0,0
2021-08-30T23:00:00Z,0,0,0,0
2021-08-31T00:00:00Z,0,0,0,0
2021-08-31T01:00:00Z,0,0,0,0
2021-08-31T02:00:00Z,0,0,0,0
2021-08-31T03:00:00Z,0,0,0,0
2021-08-31T04:00:00Z,0,0,0,0
2021-08-31T05:00:00Z,0,0,0,0
2021-08-31T06:00:00Z,0,0,0,1
2021-08-31T07:00:00Z,0,0,0,1
2021-08-31T08:00:00Z,0,0,0,1
2021-08-31T09:00:00Z,0,0,0,1
2021-08-31T10:00:00Z,0,0,0,1
2021-08-31T11:00:00Z,0,0,0,1
2021-08-31T12:00:00Z,0,0,0,1
2021-08-31T13:00:00Z,0,0,0,1
2021-08-31T14:00:00Z,0,0,0,1
2021-08-31T15:00:00Z,0,0,0,1
2021-08-31T16:00:00Z,0,0,0,1
2021-08-31T17:00:00Z,0,0,0,1
2021-08-31T18:00:00Z,0,0,0,1
2021-08-31T19:00:00Z,0,0,0,1
2021-08-31T20:00:00Z,0,0,0,1
2021-08-31T21:00:00Z,0,0,0,1
2021-08-31T22:00:00Z,0,0,0,0
2021-08-31T23:00:00Z,0,0,0,0
2021-09-01T00:00:00Z,0,0,0,0
2021-09-01T01:00:00Z,0,0,0,0
2021-09-01T02:00:00Z,0,0,0,0
2021-09-01T03:00:00Z,0,0,0,0
2021-09-01T04:00:00Z,0,0,0,0
2021-09-01T05:00:00Z,0,0,0,0
2021-09-01T06:00:00Z,0,0,0,1
2021-09-01T07:00:00Z,0,0,0,1
2021-09-01T08:00:00Z,0,0,0,1
2021-09-01T09:00:00Z,0,0,0,1
2021-09-01T10:00:00Z,0,0,0,1
2021-09-01T11:00:00Z,0,0,0,1
2021-09-01T12:00:00Z,0,0,0,1
2021-09-01T13:00:00Z,0,0,0,1
2021-09-01T14:00:00Z,0,0,0,1
2021-09-01T15:00:00Z,0,0,0,1
2021-09-01T16:00:00Z,0,0,0,1
2021-09-01T17:00:00Z,0,0,0,1
2021-09-01T18:00:00Z,0,0,0,1
2021-09-01T19:00:00Z,0,0,0,1
2021-09-01T20:00:00Z,0,0,0,1
2021-09-01T21:00:00Z,0,0,0,1
2021-09-01T22:00:00Z,0,0,0,0
2021-09-01T23:00:00Z,0,0,0,0
2021-09-02T00:00:00Z,0,0,0,0
2021-09-02T01:00:00Z,0,0,0,0
2021-09-02T02:00:00Z,0,0,0,0
2021-09-02T03:00:00Z,0,0,0,0
2021-09-02T04:00:00Z,0,0,0,0
2021-09-02T05:00:00Z,0,0,0,0
2021-09-02T06:00:00Z,0,0,0,1
2021-09-02T07:00:00Z,0,0,0,1
2021-09-02T08:00:00Z,0,0,0,1
2021-09-02T09:00:00Z,0,0,0,1
2021-09-02T10:00:00Z,0,0,0,1
2021-09-02T11:00:00Z,0,0,0,1
2021-09-02T12:00:00Z,0,0,0,1
2021-09-02T13:00:00Z,0,0,0,1
2021-09-02T14:00:00Z,0,0,0,1
2021-09-02T15:00:00Z,0,0,0,1
2021-09-02T16:00:00Z,0,0,0,1
2021-09-02T17:00:00Z,0,0,0,1
2021-09-02T18:00:00Z,0,0,0,1
2021-09-02T19:00:00Z,0,0,0,1
2021-09-02T20:00:00Z,0,0,0,1
2021-09-02T21:00:00Z,0,0,0,1
2021-09-02T22:00:00Z,0,0,0,0
2021-09-02T23:00:00Z,0,0,0,0
2021-09-03T00:00:00Z,0,0,0,0
2021-09-03T01:00:00Z,0,0,0,0
2021-09-03T02:00:00Z,0,0,0,0
2021-09-03T03:00:00Z,0,0,0,0
2021-09-03T04:00:00Z,0,0,0,0
2021-09-03T05:00:00Z,0,0,0,0
2021-09-03T06:00:00Z,0,0,0,1
2021-09-03T07:00:00Z,0,0,0,1
2021-09-03T08:00:00Z,0,0,0,1
2021-09-03T09:00:00Z,0,0,0,1
2021-09-03T10:00:00Z,0,0,0,1
2021-09-03T11:00:00Z,0,0,0,1
2021-09-03T12:00:00Z,0,0,0,1
2021-09-03T13:00:00Z,0,0,0,1
2021-09-03T14:00:00Z,0,0,0,1
2021-09-03T15:00:00Z,0,0,0,1
2021-09-03T16:00:00Z,0,0,0,1
2021-09-03T17:00:00Z,0,0,0,1
2021-09-03T18:00:00Z,0,0,0,1
2021-09-03T19:00:00Z,0,0,0,1
2021-09-03T20:00:00Z,0,0,0,1
2021-09-03T21:00:00Z,0,0,0,1
2021-09-03T22:00:00Z,0,0,0,0
2021-09-03T23:00:00Z,0,0,0,0
2021-09-04T00:00:00Z,0,0,0,0
2021-09-04T01:00:00Z,0,0,0,0
2021-09-04T02:00:00Z,0,0,0,0
2021-09-04T03:00:00Z,0,0,0,0
2021-09-04T04:00:00Z,0,0,0,0
2021-09-04T05:00:00Z,0,0,0,0
2021-09-04T06:00:00Z,0,0,0,1
2021-09-04T07:00:00Z,0,0,0,1
2021-09-04T08:00:00Z,0,0,0,1
2021-09-04T09:00:00Z,0,0,0,1
2021-09-04T10:00:00Z,0,0,0,1
2021-09-04T11:00:00Z,0,0,0,1
2021-09-04T12:00:00Z,0,0,0,1
2021-09-04T13:00:00Z,0,0,0,1
2021-09-04T14:00:00Z,0,0,0,1
2021-09-04T15:00:00Z,0,0,0,1
2021-09-04T16:00:00Z,0,0,0,1
2021-09-04T17:00:00Z,0,0,0,1
2021-09-04T18:00:00Z,0,0,0,1
2021-09-04T19:00:00Z,0,0,0,1
2021-09-04T20:00:00Z,0,0,0,1
2021-09-04T21:00:00Z,0,0,0,1
2021-09-04T22:00:00Z,0,0,0,0
2021-09-04T23:00:00Z,0,0,0,0
2021-09-05T00:00:00Z,0,0,0,0
2021-09-05T01:00:00Z,0,0,0,0
2021-09-05T02:00:00Z,0,0,0,0
2021-09-05T03:00:00Z,0,0,0,0
2021-09-05T04:00:00Z,0,0,0,0
2021-09-05T05:00:00Z,0,0,0,0
2021-09-05T06:00:00Z,0,0,0,1
2021-09-05T07:00:00Z,0,0,0,1
2021-09-05T08:00:00Z,0,0,0,1
2021-09-05T09:00:00Z,0,0,0,1
2021-09-05T10:00:00Z,0,0,0,1
2021-09-05T11:00:00Z,0,0,0,1
2021-09-05T12:00:00Z,0,0,0,1
2021-09-05T13:00:00Z,0,0,0,1
2021-09-05T14:00:00Z,0,0,0,1
2021-09-05T15:00:00Z,0,0,0,1
2021-09-05T16:00:00Z,0,0,0,1
2021-09-05T17:00:00Z,0,0,0,1
2021-09-05T18:00:00Z,0,0,0,1
2021-09-05T19:00:00Z,0,0,0,1
2021-09-05T20:00:00Z,0,0,0,1
2021-09-05T21:00:00Z,0,0,0,1
2021-09-05T22:00:00Z,0,0,0,0
2021-09-05T23:00:00Z,0,0,0,0
2021-09-06T00:00:00Z,0,0,0,0
2021-09-06T01:00:00Z,0,0,0,0
2021-09-06T02:00:00Z,0,0,0,0
2021-09-06T03:00:00Z,0,0,0,0
2021-09-06T04:00:00Z,0,0,0,0
2021-09-06T05:00:00Z,0,0,0,0
2021-09-06T06:00:00Z,0,0,0,1
2021-09-06T07:00:00Z,0,0,0,1
2021-09-06T08:00:00Z,0,0,0,1
2021-09-06T09:00:00Z,0,0,0,1
2021-09-06T10:00:00Z,0,0,0,1
2021-09-06T11:00:00Z,0,0,0,1
2021-09-06T12:00:00Z,0,0,0,1
2021-09-06T13:00:00Z,0,0,0,1
2021-09-06T14:00:00Z,0,0,0,1
2021-09-06T15:00:00Z,0,0,0,1
2021-09-06T16:00:00Z,0,0,0,1
2021-09-06T17:00:00Z,0,0,0,1
2021-09-06T18:00:00Z,0,0,0,1
2021-09-06T19:00:00Z,0,0,0,1
2021-09-06T20:00:00Z,0,0,0,1
2021-09-06T21:00:00Z,0,0,0,1
2021-09-06T22:00:00Z,0,0,0,0
2021-09-06T23:00:00Z,0,0,0,0
2021-09-07T00:00:00Z,0,0,0,0
2021-09-07T01:00:00Z,0,0,0,0
2021-09-07T02:00:00Z,0,0,0,0
2021-09-07T03:00:00Z,0,0,0,0
2021-09-07T04:00:00Z,0,0,0,0
2021-09-07T05:00:00Z,0,0,0,0
2021-09-07T06:00:00Z,0,0,0,1
2021-09-07T07:00:00Z,0,0,0,1
2021-09-07T08:00:00Z,0,0,0,1
2021-09-07T09:00:00Z,0,0,0,1
2021-09-07T10:00:00Z,0,0,0,1
2021-09-07T11:00:00Z,0,0,0,1
2021-09-07T12:00:00Z,0,0,0,1
2021-09-07T13:00:00Z,0,0,0,1
2021-09-07T14:00:00Z,0,0,0,1
2021-09-07T15:00:00Z,0,0,0,1
2021-09-07T16:00:00Z,0,0,0,1
2021-09-07T17:00:00Z,0,0,0,1
2021-09-07T18:00:00Z,0,0,0,1
2021-09-07T19:00:00Z,0,0,0,1
2021-09-07T20:00:00Z,0,0,0,1
2021-09-07T21:00:00Z,0,0,0,1
2021-09-07T22:00:00Z,0,0,0,0
2021-09-07T23:00:00Z,0,0,0,0
2021-09-08T00:00:00Z,0,0,0,0
2021-09-08T01:00:00Z,0,0,0,0
2021-09-08T02:00:00Z,0,0,0,0
2021-09-08T03:00:00Z,0,0,0,0
2021-09-08T04:00:00Z,0,0,0,0
2021-09-08T05:00:00Z,0,0,0,0
2021-09-08T06:00:00Z,0,0,0,1
2021-09-08T07:00:00Z,0,0,0,1
2021-09-08T08:00:00Z,0,0,0,1
2021-09-08T09:00:00Z,0,0,0,1
2021-09-08T10:00:00Z,0,0,0,1
2021-09-08T11:00:00Z,0,0,0,1
2021-09-08T12:00:00Z,0,0,0,1
2021-09-08T13:00:00Z,0,0,0,1
2021-09-08T14:00:00Z,0,0,0,1
2021-09-08T15:00:00Z,0,0,0,1
2021-09-08T16:00:00Z,0,0,0,1
2021-09-08T17:00:00Z,0,0,0,1
2021-09-08T18:00:00Z,0,0,0,1
2021-09-08T19:00:00Z,0,0,0,1
2021-09-08T20:00:00Z,0,0,0,1
2021-09-08T21:00:00Z,0,0,0,1
2021-09-08T22:00:00Z,0,0,0,0
2021-09-08T23:00:00Z,0,0,0,0
2021-09-09T00:00:00Z,0,0,0,0
2021-09-09T01:00:00Z,0,0,0,0
2021-09-09T02:00:00Z,0,0,0,0
2021-09-09T03:00:00Z,0,0,0,0
2021-09-09T04:00:00Z,0,0,0,0
2021-09-09T05:00:00Z,0,0,0,0
2021-09-09T06:00:00Z,0,0,0,1
2021-09-09T07:00:00Z,0,0,0,1
2021-09-09T08:00:00Z,0,0,0,1
2021-09-09T09:00:00Z,0,0,0,1
2021-09-09T10:00:00Z,0,0,0,1
2021-09-09T11:00:00Z,0,0,0,1
2021-09-09T12:00:00Z,0,0,0,1
2021-09-09T13:00:00Z,0,0,0,1
2021-09-09T14:00:00Z,0,0,0,1
2021-09-09T15:00:00Z,0,0,0,1
2021-09-09T16:00:00Z,0,0,0,1
2021-09-09T17:00:00Z,0,0,0,1
2021-09-09T18:00:00Z,0,0,0,1
2021-09-09T19:00:00Z,0,0,0,1
2021-09-09T20:00:00Z,0,0,0,1
2021-09-09T21:00:00Z,0,0,0,1
2021-09-09T22:00:00Z,0,0,0,0
2021-09-09T23:00:00Z,0,0,0,0
2021-09-10T00:00:00Z,0,0,0,0
2021-09-10T01:00:00Z,0,0,0,0
2021-09-10T02:00:00Z,0,0,0,0
2021-09-10T03:00:00Z,0,0,0,0
2021-09-10T04:00:00Z,0,0,0,0
2021-09-10T05:00:00Z,0,0,0,0
2021-09-10T06:00:00Z,0,0,0,1
2021-09-10T07:00:00Z,0,0,0,1
2021-09-10T08:00:00Z,0,0,0,1
2021-09-10T09:00:00Z,0,0,0,1
2021-09-10T10:00:00Z,0,0,0,1
2021-09-10T11:00:00Z,0,0,0,1
2021-09-10T12:00:00Z,0,0,0,1
2021-09-10T13:00:00Z,0,0,0,1
2021-09-10T14:00:00Z,0,0,0,1
2021-09-10T15:00:00Z,0,0,0,1
2021-09-10T16:00:00Z,0,0,0,1
2021-09-10T17:00:00Z,0,0,0,1
2021-09-10T18:00:00Z,0,0,0,1
2021-09-10T19:00:00Z,0,0,0,1
2021-09-10T20:00:00Z,0,0,0,1
2021-09-10T21:00:00Z,0,0,0,1
2021-09-10T22:00:00Z,0,0,0,0
2021-09-10T23:00:00Z,0,0,0,0
2021-09-11T00:00:00Z,0,0,0,0
2021-09-11T01:00:00Z,0,0,0,0
2021-09-11T02:00:00Z,0,0,0,0
2021-09-11T03:00:00Z,0,0,0,0
2021-09-11T04:00:00Z,0,0,0,0
2021-09-11T05:00:00Z,0,0,0,0
2021-09-11T06:00:00Z,0,0,0,1
2021-09-11T07:00:00Z,0,0,0,1
2021-09-11T08:00:00Z,0,0,0,1
2021-09-11T09:00:00Z,0,0,0,1
2021-09-11T10:00:00Z,0,0,0,1
2021-09-11T11:00:00Z,0,0,0,1
2021-09-11T12:00:00Z,0,0,0,1
2021-09-11T13:00:00Z,0,0,0,1
2021-09-11T14:00:00Z,0,0,0,1
2021-09-11T15:00:00Z,0,0,0,1
2021-09-11T16:00:00Z,0,0,0,1
2021-09-11T17:00:00Z,0,0,0,1
2021-09-11T18:00:00Z,0,0,0,1
2021-09-11T19:00:00Z,0,0,0,1
2021-09-11T20:00:00Z,0,0,0,1
2021-09-11T21:00:00Z,0,0,0,1
2021-09-11T22:00:00Z,0,0,0,0
2021-09-11T23:00:00Z,0,0,0,0
2021-09-12T00:00:00Z,0,0,0,0
2021-09-12T01:00:00Z,0,0,0,0
2021-09-12T02:00:00Z,0,0,0,0
2021-09-12T03:00:00Z,0,0,0,0
2021-09-12T04:00:00Z,0,0,0,0
2021-09-12T05:00:00Z,0,0,0,0
2021-09-12T06:00:00Z,0,0,0,1
2021-09-12T07:00:00Z,0,0,0,1
2021-09-12T08:00:00Z,0,0,0,1
2021-09-12T09:00:00Z,0,0,0,1
2021-09-12T10:00:00Z,0,0,0,1
2021-09-12T11:00:00Z,0,0,0,1
2021-09-12T12:00:00Z,0,0,0,1
2021-09-12T13:00:00Z,0,0,0,1
2021-09-12T14:00:00Z,0,0,0,1
2021-09-12T15:00:00Z,0,0,0,1
2021-09-12T16:00:00Z,0,0,0,1
2021-09-12T17:00:00Z,0,0,0,1
2021-09-12T18:00:00Z,0,0,0,1
2021-09-12T19:00:00Z,0,0,0,1
2021-09-12T20:00:00Z,0,0,0,1
2021-09-12T21:00:00Z,0,0,0,1
2021-09-12T22:00:00Z,0,0,0,0
2021-09-12T23:00:00Z,0,0,0,0
2021-09-13T00:00:00Z,0,0,0,0
2021-09-13T01:00:00Z,0,0,0,0
2021-09-13T02:00:00Z,0,0,0,0
2021-09-13T03:00:00Z,0,0,0,0
2021-09-13T04:00:00Z,0,0,0,0
2021-09-13T05:00:00Z,0,0,0,0
2021-09-13T06:00:00Z,0,0,0,1
2021-09-13T07:00:00Z,0,0,0,1
2021-09-13T08:00:00Z,0,0,0,1
2021-09-13T09:00:00Z,1263,0,1263,1
2021-09-13T10:00:00Z,361,0,361,1
2021-09-13T11:00:00Z,704,0,704,1
2021-09-13T12:00:00Z,325,0,325,1
2021-09-13T13:00:00Z,329,0,329,1
2021-09-13T14:00:00Z,265,0,265,1
2021-09-13T15:00:00Z,202,0,202,1
2021-09-13T16:00:00Z,117,0,117,1
2021-09-13T17:00:00Z,113,0,113,1
2021-09-13T18:00:00Z,121,0,121,1
2021-09-13T19:00:00Z,846,0,846,1
2021-09-13T20:00:00Z,677,0,677,1
2021-09-13T21:00:00Z,111,0,111,1
2021-09-13T22:00:00Z,119,0,119,0
2021-09-13T23:00:00Z,211,0,211,0
2021-09-14T00:00:00Z,0,168,168,0
2021-09-14T01:00:00Z,0,77,77,0
2021-09-14T02:00:00Z,0,76,76,0
2021-09-14T03:00:00Z,0,67,67,0
2021-09-14T04:00:00Z,0,70,70,0
2021-09-14T05:00:00Z,0,231,231,0
2021-09-14T06:00:00Z,0,123,123,1
2021-09-14T07:00:00Z,0,101,101,1
2021-09-14T08:00:00Z,0,143,143,1
2021-09-14T09:00:00Z,0,901,901,1
2021-09-14T10:00:00Z,0,1180,1180,1
2021-09-14T11:00:00Z,0,652,652,1
2021-09-14T12:00:00Z,0,470,470,1
2021-09-14T13:00:00Z,0,265,265,1
2021-09-14T14:00:00Z,0,332,332,1
2021-09-14T15:00:00Z,0,276,276,1
2021-09-14T16:00:00Z,152,0,152,1
2021-09-14T17:00:00Z,141,0,141,1
2021-09-14T18:00:00Z,121,0,121,1
2021-09-14T19:00:00Z,361,0,361,1
2021-09-14T20:00:00Z,591,0,591,1
2021-09-14T21:00:00Z,638,0,638,1
2021-09-14T22:00:00Z,112,0,112,0
2021-09-14T23:00:00Z,216,0,216,0
2021-09-15T00:00:00Z,1,390,391,0
2021-09-15T01:00:00Z,0,240,240,0
2021-09-15T02:00:00Z,0,160,160,0
2021-09-15T03:00:00Z,0,187,187,0
2021-09-15T04:00:00Z,0,189,189,0
2021-09-15T05:00:00Z,0,246,246,0
2021-09-15T06:00:00Z,0,167,167,1
2021-09-15T07:00:00Z,0,135,135,1
2021-09-15T08:00:00Z,0,148,148,1
2021-09-15T09:00:00Z,0,149,149,1
2021-09-15T10:00:00Z,0,486,486,1
2021-09-15T11:00:00Z,0,602,602,1
2021-09-15T12:00:00Z,0,267,267,1
2021-09-15T13:00:00Z,0,244,244,1
2021-09-15T14:00:00Z,0,237,237,1
2021-09-15T15:00:00Z,0,328,328,1
2021-09-15T16:00:00Z,155,0,155,1
2021-09-15T17:00:00Z,123,0,123,1
2021-09-15T18:00:00Z,124,0,124,1
2021-09-15T19:00:00Z,119,0,119,1
2021-09-15T20:00:00Z,118,0,118,1
2021-09-15T21:00:00Z,110,0,110,1
2021-09-15T22:00:00Z,121,0,121,0
2021-09-15T23:00:00Z,166,0,166,0
2021-09-16T00:00:00Z,0,883,883,0
2021-09-16T01:00:00Z,0,884,884,0
2021-09-16T02:00:00Z,0,658,658,0
2021-09-16T03:00:00Z,0,503,503,0
2021-09-16T04:00:00Z,0,371,371,0
2021-09-16T05:00:00Z,0,338,338,0
2021-09-16T06:00:00Z,0,174,174,1
2021-09-16T07:00:00Z,0,162,162,1
2021-09-16T08:00:00Z,0,154,154,1
2021-09-16T09:00:00Z,0,209,209,1
2021-09-16T10:00:00Z,0,281,281,1
2021-09-16T11:00:00Z,0,1072,1072,1
2021-09-16T12:00:00Z,0,270,270,1
2021-09-16T13:00:00Z,0,819,819,1
2021-09-16T14:00:00Z,0,266,266,1
2021-09-16T15:00:00Z,0,272,272,1
2021-09-16T16:00:00Z,171,0,171,1
2021-09-16T17:00:00Z,123,0,123,1
2021-09-16T18:00:00Z,115,0,115,1
2021-09-16T19:00:00Z,120,0,120,1
2021-09-16T20:00:00Z,126,0,126,1
2021-09-16T21:00:00Z,124,0,124,1
2021-09-16T22:00:00Z,116,0,116,0
2021-09-16T23:00:00Z,132,0,132,0
2021-09-17T00:00:00Z,1,365,366,0
2021-09-17T01:00:00Z,0,139,139,0
2021-09-17T02:00:00Z,0,120,120,0
2021-09-17T03:00:00Z,0,113,113,0
2021-09-17T04:00:00Z,0,114,114,0
2021-09-17T05:00:00Z,0,106,106,0
2021-09-17T06:00:00Z,0,115,115,1
2021-09-17T07:00:00Z,0,116,116,1
2021-09-17T08:00:00Z,0,121,121,1
2021-09-17T09:00:00Z,0,119,119,1
2021-09-17T10:00:00Z,0,864,864,1
2021-09-17T11:00:00Z,0,1753,1753,1
2021-09-17T12:00:00Z,0,642,642,1
2021-09-17T13:00:00Z,0,326,326,1
2021-09-17T14:00:00Z,0,274,274,1
2021-09-17T15:00:00Z,0,240,240,1
2021-09-17T16:00:00Z,143,0,143,1
2021-09-17T17:00:00Z,136,0,136,1
2021-09-17T18:00:00Z,124,0,124,1
2021-09-17T19:00:00Z,113,0,113,1
2021-09-17T20:00:00Z,804,0,804,1
2021-09-17T21:00:00Z,639,0,639,1
2021-09-17T22:00:00Z,129,0,129,0
2021-09-17T23:00:00Z,122,0,122,0
2021-09-18T00:00:00Z,0,870,870,0
2021-09-18T01:00:00Z,0,382,382,0
2021-09-18T02:00:00Z,0,397,397,0
2021-09-18T03:00:00Z,0,347,347,0
2021-09-18T04:00:00Z,0,443,443,0
2021-09-18T05:00:00Z,0,2018,2018,0
2021-09-18T06:00:00Z,0,346,346,1
2021-09-18T07:00:00Z,0,174,174,1
2021-09-18T08:00:00Z,0,264,264,1
2021-09-18T09:00:00Z,0,743,743,1
2021-09-18T10:00:00Z,0,2013,2013,1
2021-09-18T11:00:00Z,0,675,675,1
2021-09-18T12:00:00Z,0,984,984,1
2021-09-18T13:00:00Z,0,569,569,1
2021-09-18T14:00:00Z,0,741,741,1
2021-09-18T15:00:00Z,0,225,225,1
2021-09-18T16:00:00Z,129,0,129,1
2021-09-18T17:00:00Z,121,0,121,1
2021-09-18T18:00:00Z,113,0,113,1
2021-09-18T19:00:00Z,118,0,118,1
2021-09-18T20:00:00Z,127,0,127,1
2021-09-18T21:00:00Z,130,0,130,1
2021-09-18T22:00:00Z,121,0,121,0
2021-09-18T23:00:00Z,125,0,125,0
2021-09-19T00:00:00Z,483,0,483,0
2021-09-19T01:00:00Z,711,0,711,0
2021-09-19T02:00:00Z,433,0,433,0
2021-09-19T03:00:00Z,124,0,124,0
2021-09-19T04:00:00Z,116,0,116,0
2021-09-19T05:00:00Z,99,0,99,0
2021-09-19T06:00:00Z,847,0,847,1
2021-09-19T07:00:00Z,1463,0,1463,1
2021-09-19T08:00:00Z,299,0,299,1
2021-09-19T09:00:00Z,266,0,266,1
2021-09-19T10:00:00Z,271,0,271,1
2021-09-19T11:00:00Z,253,0,253,1
2021-09-19T12:00:00Z,299,0,299,1
2021-09-19T13:00:00Z,267,0,267,1
2021-09-19T14:00:00Z,231,0,231,1
2021-09-19T15:00:00Z,303,0,303,1
2021-09-19T16:00:00Z,143,0,143,1
2021-09-19T17:00:00Z,135,0,135,1
2021-09-19T18:00:00Z,131,0,131,1
2021-09-19T19:00:00Z,125,0,125,1
2021-09-19T20:00:00Z,503,0,503,1
2021-09-19T21:00:00Z,442,0,442,1
2021-09-19T22:00:00Z,632,0,632,0
2021-09-19T23:00:00Z,114,0,114,0
2021-09-20T00:00:00Z,192,0,192,0
2021-09-20T01:00:00Z,869,0,869,0
2021-09-20T02:00:00Z,399,0,399,0
2021-09-20T03:00:00Z,396,0,396,0
2021-09-20T04:00:00Z,408,0,408,0
2021-09-20T05:00:00Z,145,0,145,0
2021-09-20T06:00:00Z,125,0,125,1
2021-09-20T07:00:00Z,120,0,120,1
2021-09-20T08:00:00Z,231,0,231,1
2021-09-20T09:00:00Z,579,0,579,1
2021-09-20T10:00:00Z,701,0,701,1
2021-09-20T11:00:00Z,312,0,312,1
2021-09-20T12:00:00Z,449,0,449,1
2021-09-20T13:00:00Z,350,0,350,1
2021-09-20T14:00:00Z,366,0,366,1
2021-09-20T15:00:00Z,791,0,791,1
2021-09-20T16:00:00Z,579,0,579,1
2021-09-20T17:00:00Z,310,0,310,1
2021-09-20T18:00:00Z,123,0,123,1
2021-09-20T19:00:00Z,113,0,113,1
2021-09-20T20:00:00Z,132,0,132,1
2021-09-20T21:00:00Z,123,0,123,1
2021-09-20T22:00:00Z,128,0,128,0
2021-09-20T23:00:00Z,278,0,278,0
2021-09-21T00:00:00Z,1,239,240,0
2021-09-21T01:00:00Z,0,282,282,0
2021-09-21T02:00:00Z,0,431,431,0
2021-09-21T03:00:00Z,0,335,335,0
2021-09-21T04:00:00Z,0,355,355,0
2021-09-21T05:00:00Z,0,319,319,0
2021-09-21T06:00:00Z,0,1034,1034,1
2021-09-21T07:00:00Z,0,255,255,1
2021-09-21T08:00:00Z,0,226,226,1
2021-09-21T09:00:00Z,0,257,257,1
2021-09-21T10:00:00Z,0,331,331,1
2021-09-21T11:00:00Z,0,524,524,1
2021-09-21T12:00:00Z,0,311,311,1
2021-09-21T13:00:00Z,0,377,377,1
2021-09-21T14:00:00Z,0,307,307,1
2021-09-21T15:00:00Z,0,258,258,1
2021-09-21T16:00:00Z,173,0,173,1
2021-09-21T17:00:00Z,130,0,130,1
2021-09-21T18:00:00Z,138,0,138,1
2021-09-21T19:00:00Z,821,0,821,1
2021-09-21T20:00:00Z,667,0,667,1
2021-09-21T21:00:00Z,131,0,131,1
2021-09-21T22:00:00Z,115,0,115,0
2021-09-21T23:00:00Z,260,0,260,0
2021-09-22T00:00:00Z,0,241,241,0
2021-09-22T01:00:00Z,0,276,276,0
2021-09-22T02:00:00Z,0,407,407,0
2021-09-22T03:00:00Z,0,336,336,0
2021-09-22T04:00:00Z,0,128,128,0
2021-09-22T05:00:00Z,0,135,135,0
2021-09-22T06:00:00Z,0,185,185,1
2021-09-22T07:00:00Z,0,181,181,1
2021-09-22T08:00:00Z,0,760,760,1
2021-09-22T09:00:00Z,0,253,253,1
2021-09-22T10:00:00Z,0,639,639,1
2021-09-22T11:00:00Z,0,1172,1172,1
2021-09-22T12:00:00Z,0,383,383,1
2021-09-22T13:00:00Z,0,263,263,1
2021-09-22T14:00:00Z,0,244,244,1
2021-09-22T15:00:00Z,0,271,271,1
2021-09-22T16:00:00Z,165,1,166,1
2021-09-22T17:00:00Z,121,0,121,1
2021-09-22T18:00:00Z,118,0,118,1
2021-09-22T19:00:00Z,163,0,163,1
2021-09-22T20:00:00Z,820,0,820,1
2021-09-22T21:00:00Z,670,0,670,1
2021-09-22T22:00:00Z,117,0,117,0
2021-09-22T23:00:00Z,143,0,143,0
2021-09-23T00:00:00Z,0,487,487,0
2021-09-23T01:00:00Z,0,313,313,0
2021-09-23T02:00:00Z,0,395,395,0
2021-09-23T03:00:00Z,0,369,369,0
2021-09-23T04:00:00Z,0,408,408,0
2021-09-23T05:00:00Z,0,394,394,0
2021-09-23T06:00:00Z,0,370,370,1
2021-09-23T07:00:00Z,0,337,337,1
2021-09-23T08:00:00Z,0,267,267,1
2021-09-23T09:00:00Z,0,174,174,1
2021-09-23T10:00:00Z,0,485,485,1
2021-09-23T11:00:00Z,0,353,353,1
2021-09-23T12:00:00Z,0,607,607,1
2021-09-23T13:00:00Z,0,503,503,1
2021-09-23T14:00:00Z,0,273,273,1
2021-09-23T15:00:00Z,0,296,296,1
2021-09-23T16:00:00Z,166,0,166,1
2021-09-23T17:00:00Z,148,0,148,1
2021-09-23T18:00:00Z,129,0,129,1
2021-09-23T19:00:00Z,244,0,244,1
2021-09-23T20:00:00Z,725,0,725,1
2021-09-23T21:00:00Z,665,0,665,1
2021-09-23T22:00:00Z,131,0,131,0
2021-09-23T23:00:00Z,181,0,181,0
2021-09-24T00:00:00Z,0,368,368,0
2021-09-24T01:00:00Z,0,266,266,0
2021-09-24T02:00:00Z,0,207,207,0
2021-09-24T03:00:00Z,0,186,186,0
2021-09-24T04:00:00Z,0,476,476,0
2021-09-24T05:00:00Z,0,522,522,0
2021-09-24T06:00:00Z,0,341,341,1
2021-09-24T07:00:00Z,0,266,266,1
2021-09-24T08:00:00Z,0,198,198,1
2021-09-24T09:00:00Z,0,126,126,1
2021-09-24T10:00:00Z,0,281,281,1
2021-09-24T11:00:00Z,0,1203,1203,1
2021-09-24T12:00:00Z,0,256,256,1
2021-09-24T13:00:00Z,0,252,252,1
2021-09-24T14:00:00Z,0,247,247,1
2021-09-24T15:00:00Z,0,200,200,1
2021-09-24T16:00:00Z,132,1,133,1
2021-09-24T17:00:00Z,127,0,127,1
2021-09-24T18:00:00Z,119,0,119,1
2021-09-24T19:00:00Z,817,0,817,1
2021-09-24T20:00:00Z,671,0,671,1
2021-09-24T21:00:00Z,128,0,128,1
2021-09-24T22:00:00Z,120,0,120,0
2021-09-24T23:00:00Z,130,0,130,0
2021-09-25T00:00:00Z,0,574,574,0
2021-09-25T01:00:00Z,0,263,263,0
2021-09-25T02:00:00Z,0,141,141,0
2021-09-25T03:00:00Z,0,125,125,0
2021-09-25T04:00:00Z,0,120,120,0
2021-09-25T05:00:00Z,0,110,110,0
2021-09-25T06:00:00Z,0,157,157,1
2021-09-25T07:00:00Z,0,353,353,1
2021-09-25T08:00:00Z,0,451,451,1
2021-09-25T09:00:00Z,0,441,441,1
2021-09-25T10:00:00Z,0,265,265,1
2021-09-25T11:00:00Z,0,1053,1053,1
2021-09-25T12:00:00Z,0,281,281,1
2021-09-25T13:00:00Z,0,262,262,1
2021-09-25T14:00:00Z,0,250,250,1
2021-09-25T15:00:00Z,0,209,209,1
2021-09-25T16:00:00Z,133,1,134,1
2021-09-25T17:00:00Z,127,0,127,1
2021-09-25T18:00:00Z,129,0,129,1
2021-09-25T19:00:00Z,601,0,601,1
2021-09-25T20:00:00Z,702,0,702,1
2021-09-25T21:00:00Z,275,0,275,1
2021-09-25T22:00:00Z,124,0,124,0
2021-09-25T23:00:00Z,131,0,131,0
2021-09-26T00:00:00Z,478,0,478,0
2021-09-26T01:00:00Z,1048,0,1048,0
2021-09-26T02:00:00Z,715,0,715,0
2021-09-26T03:00:00Z,257,0,257,0
2021-09-26T04:00:00Z,2429,0,2429,0
2021-09-26T05:00:00Z,468,0,468,0
2021-09-26T06:00:00Z,2598,0,2598,1
2021-09-26T07:00:00Z,599,0,599,1
2021-09-26T08:00:00Z,1594,0,1594,1
2021-09-26T09:00:00Z,1899,0,1899,1
2021-09-26T10:00:00Z,708,0,708,1
2021-09-26T11:00:00Z,767,0,767,1
2021-09-26T12:00:00Z,1232,0,1232,1
2021-09-26T13:00:00Z,535,0,535,1
2021-09-26T14:00:00Z,273,0,273,1
2021-09-26T15:00:00Z,276,0,276,1
2021-09-26T16:00:00Z,139,0,139,1
2021-09-26T17:00:00Z,130,0,130,1
2021-09-26T18:00:00Z,128,0,128,1
2021-09-26T19:00:00Z,126,0,126,1
2021-09-26T20:00:00Z,490,0,490,1
2021-09-26T21:00:00Z,568,0,568,1
2021-09-26T22:00:00Z,134,0,134,0
2021-09-26T23:00:00Z,124,0,124,0
2021-09-27T00:00:00Z,236,0,236,0
2021-09-27T01:00:00Z,1052,0,1052,0
2021-09-27T02:00:00Z,1543,0,1543,0
2021-09-27T03:00:00Z,1268,0,1268,0
2021-09-27T04:00:00Z,381,0,381,0
2021-09-27T05:00:00Z,132,0,132,0
2021-09-27T06:00:00Z,1314,0,1314,1
2021-09-27T07:00:00Z,568,0,568,1
2021-09-27T08:00:00Z,329,0,329,1
2021-09-27T09:00:00Z,316,0,316,1
2021-09-27T10:00:00Z,395,0,395,1
2021-09-27T11:00:00Z,965,0,965,1
2021-09-27T12:00:00Z,429,0,429,1
2021-09-27T13:00:00Z,270,0,270,1
2021-09-27T14:00:00Z,258,0,258,1
2021-09-27T15:00:00Z,172,0,172,1
2021-09-27T16:00:00Z,134,0,134,1
2021-09-27T17:00:00Z,131,0,131,1
2021-09-27T18:00:00Z,125,0,125,1
2021-09-27T19:00:00Z,500,0,500,1
2021-09-27T20:00:00Z,579,0,579,1
2021-09-27T21:00:00Z,121,0,121,1
2021-09-27T22:00:00Z,122,0,122,0
2021-09-27T23:00:00Z,184,0,184,0
2021-09-28T00:00:00Z,0,451,451,0
2021-09-28T01:00:00Z,0,221,221,0
2021-09-28T02:00:00Z,0,238,238,0
2021-09-28T03:00:00Z,0,224,224,0
2021-09-28T04:00:00Z,0,222,222,0
2021-09-28T05:00:00Z,0,170,170,0
2021-09-28T06:00:00Z,0,204,204,1
2021-09-28T07:00:00Z,0,170,170,1
2021-09-28T08:00:00Z,0,146,146,1
2021-09-28T09:00:00Z,0,159,159,1
2021-09-28T10:00:00Z,0,295,295,1
2021-09-28T11:00:00Z,0,898,898,1
2021-09-28T12:00:00Z,0,268,268,1
2021-09-28T13:00:00Z,0,248,248,1
2021-09-28T14:00:00Z,0,247,247,1
2021-09-28T15:00:00Z,0,243,243,1
2021-09-28T16:00:00Z,145,0,145,1
2021-09-28T17:00:00Z,129,0,129,1
2021-09-28T18:00:00Z,122,0,122,1
2021-09-28T19:00:00Z,128,0,128,1
2021-09-28T20:00:00Z,491,0,491,1
2021-09-28T21:00:00Z,555,0,555,1
2021-09-28T22:00:00Z,122,0,122,0
2021-09-28T23:00:00Z,273,0,273,0
2021-09-29T00:00:00Z,0,324,324,0
2021-09-29T01:00:00Z,0,145,145,0
2021-09-29T02:00:00Z,0,118,118,0
2021-09-29T03:00:00Z,0,113,113,0
2021-09-29T04:00:00Z,0,105,105,0
2021-09-29T05:00:00Z,0,141,141,0
2021-09-29T06:00:00Z,0,225,225,1
2021-09-29T07:00:00Z,0,159,159,1
2021-09-29T08:00:00Z,0,175,175,1
2021-09-29T09:00:00Z,0,151,151,1
2021-09-29T10:00:00Z,0,643,643,1
2021-09-29T11:00:00Z,0,623,623,1
2021-09-29T12:00:00Z,0,249,249,1
2021-09-29T13:00:00Z,0,345,345,1
2021-09-29T14:00:00Z,0,267,267,1
2021-09-29T15:00:00Z,0,243,243,1
2021-09-29T16:00:00Z,147,1,148,1
2021-09-29T17:00:00Z,121,0,121,1
2021-09-29T18:00:00Z,115,0,115,1
2021-09-29T19:00:00Z,120,0,120,1
2021-09-29T20:00:00Z,114,0,114,1
2021-09-29T21:00:00Z,104,0,104,1
2021-09-29T22:00:00Z,110,0,110,0
2021-09-29T23:00:00Z,326,0,326,0
2021-09-30T00:00:00Z,6,912,918,0
2021-09-30T01:00:00Z,0,655,655,0
2021-09-30T02:00:00Z,0,401,401,0
2021-09-30T03:00:00Z,0,832,832,0
2021-09-30T04:00:00Z,0,367,367,0
2021-09-30T05:00:00Z,0,444,444,0
2021-09-30T06:00:00Z,0,263,263,1
2021-09-30T07:00:00Z,0,234,234,1
2021-09-30T08:00:00Z,0,226,226,1
2021-09-30T09:00:00Z,0,228,228,1
2021-09-30T10:00:00Z,0,1012,1012,1
2021-09-30T11:00:00Z,0,694,694,1
2021-09-30T12:00:00Z,0,218,218,1
2021-09-30T13:00:00Z,0,164,164,1
2021-09-30T14:00:00Z,0,216,216,1
2021-09-30T15:00:00Z,0,204,204,1
2021-09-30T16:00:00Z,129,1,130,1
2021-09-30T17:00:00Z,118,0,118,1
2021-09-30T18:00:00Z,125,0,125,1
2021-09-30T19:00:00Z,544,0,544,1
2021-09-30T20:00:00Z,460,0,460,1
2021-09-30T21:00:00Z,624,0,624,1
2021-09-30T22:00:00Z,119,0,119,0
2021-09-30T23:00:00Z,207,0,207,0
2021-10-01T00:00:00Z,1,1595,1596,0
2021-10-01T01:00:00Z,0,752,752,0
2021-10-01T02:00:00Z,0,235,235,0
2021-10-01T03:00:00Z,0,1587,1587,0
2021-10-01T04:00:00Z,0,224,224,0
2021-10-01T05:00:00Z,0,225,225,0
2021-10-01T06:00:00Z,0,157,157,1
2021-10-01T07:00:00Z,0,171,171,1
2021-10-01T08:00:00Z,0,163,163,1
2021-10-01T09:00:00Z,0,239,239,1
2021-10-01T10:00:00Z,0,434,434,1
2021-10-01T11:00:00Z,0,649,649,1
2021-10-01T12:00:00Z,0,261,261,1
2021-10-01T13:00:00Z,0,453,453,1
2021-10-01T14:00:00Z,0,251,251,1
2021-10-01T15:00:00Z,0,245,245,1
2021-10-01T16:00:00Z,137,0,137,1
2021-10-01T17:00:00Z,121,0,121,1
2021-10-01T18:00:00Z,112,0,112,1
2021-10-01T19:00:00Z,533,0,533,1
2021-10-01T20:00:00Z,449,0,449,1
2021-10-01T21:00:00Z,654,0,654,1
2021-10-01T22:00:00Z,120,0,120,0
2021-10-01T23:00:00Z,173,0,173,0
2021-10-02T00:00:00Z,0,265,265,0
2021-10-02T01:00:00Z,0,1037,1037,0
2021-10-02T02:00:00Z,0,435,435,0
2021-10-02T03:00:00Z,0,318,318,0
2021-10-02T04:00:00Z,0,665,665,0
2021-10-02T05:00:00Z,0,2019,2019,0
2021-10-02T06:00:00Z,0,409,409,1
2021-10-02T07:00:00Z,0,313,313,1
2021-10-02T08:00:00Z,0,237,237,1
2021-10-02T09:00:00Z,0,1346,1346,1
2021-10-02T10:00:00Z,0,150,150,1
2021-10-02T11:00:00Z,0,118,118,1
2021-10-02T12:00:00Z,0,128,128,1
2021-10-02T13:00:00Z,0,125,125,1
2021-10-02T14:00:00Z,0,110,110,1
2021-10-02T15:00:00Z,0,108,108,1
2021-10-02T16:00:00Z,228,1,229,1
2021-10-02T17:00:00Z,142,0,142,1
2021-10-02T18:00:00Z,127,0,127,1
2021-10-02T19:00:00Z,120,0,120,1
2021-10-02T20:00:00Z,492,0,492,1
2021-10-02T21:00:00Z,433,0,433,1
2021-10-02T22:00:00Z,636,0,636,0
2021-10-02T23:00:00Z,138,0,138,0
2021-10-03T00:00:00Z,232,0,232,0
2021-10-03T01:00:00Z,618,0,618,0
2021-10-03T02:00:00Z,468,0,468,0
2021-10-03T03:00:00Z,1660,0,1660,0
2021-10-03T04:00:00Z,483,0,483,0
2021-10-03T05:00:00Z,547,0,547,0
2021-10-03T06:00:00Z,1551,0,1551,1
2021-10-03T07:00:00Z,1061,0,1061,1
2021-10-03T08:00:00Z,1794,0,1794,1
2021-10-03T09:00:00Z,267,0,267,1
2021-10-03T10:00:00Z,239,0,239,1
2021-10-03T11:00:00Z,910,0,910,1
2021-10-03T12:00:00Z,809,0,809,1
2021-10-03T13:00:00Z,250,0,250,1
2021-10-03T14:00:00Z,230,0,230,1
2021-10-03T15:00:00Z,245,0,245,1
2021-10-03T16:00:00Z,137,0,137,1
2021-10-03T17:00:00Z,135,0,135,1
2021-10-03T18:00:00Z,134,0,134,1
2021-10-03T19:00:00Z,538,0,538,1
2021-10-03T20:00:00Z,457,0,457,1
2021-10-03T21:00:00Z,657,0,657,1
2021-10-03T22:00:00Z,123,0,123,0
2021-10-03T23:00:00Z,134,0,134,0
2021-10-04T00:00:00Z,129,0,129,0
2021-10-04T01:00:00Z,539,0,539,0
2021-10-04T02:00:00Z,2173,0,2173,0
2021-10-04T03:00:00Z,1347,0,1347,0
2021-10-04T06:00:00Z,333,0,333,1
2021-10-04T07:00:00Z,1222,0,1222,1
2021-10-04T08:00:00Z,766,0,766,1
2021-10-04T09:00:00Z,433,0,433,1
2021-10-04T10:00:00Z,332,0,332,1
2021-10-04T11:00:00Z,963,0,963,1
2021-10-04T12:00:00Z,608,0,608,1
2021-10-04T13:00:00Z,918,0,918,1
2021-10-04T14:00:00Z,822,0,822,1
2021-10-04T15:00:00Z,223,0,223,1
2021-10-04T16:00:00Z,117,0,117,1
2021-10-04T17:00:00Z,124,0,124,1
2021-10-04T18:00:00Z,129,0,129,1
2021-10-04T19:00:00Z,125,0,125,1
2021-10-04T20:00:00Z,121,0,121,1
2021-10-04T21:00:00Z,104,0,104,1
2021-10-04T22:00:00Z,143,0,143,0
2021-10-04T23:00:00Z,212,0,212,0
2021-10-05T00:00:00Z,1,303,304,0
2021-10-05T01:00:00Z,0,349,349,0
2021-10-05T02:00:00Z,0,281,281,0
2021-10-05T03:00:00Z,0,357,357,0
2021-10-05T04:00:00Z,0,783,783,0
2021-10-05T05:00:00Z,0,228,228,0
2021-10-05T06:00:00Z,0,193,193,1
2021-10-05T07:00:00Z,0,153,153,1
2021-10-05T08:00:00Z,0,717,717,1
2021-10-05T09:00:00Z,0,795,795,1
2021-10-05T10:00:00Z,0,313,313,1
2021-10-05T11:00:00Z,0,1681,1681,1
2021-10-05T12:00:00Z,0,654,654,1
2021-10-05T13:00:00Z,0,791,791,1
2021-10-05T14:00:00Z,0,238,238,1
2021-10-05T15:00:00Z,0,513,513,1
2021-10-05T16:00:00Z,156,1,157,1
2021-10-05T17:00:00Z,119,0,119,1
2021-10-05T18:00:00Z,109,0,109,1
2021-10-05T19:00:00Z,131,0,131,1
2021-10-05T20:00:00Z,132,0,132,1
2021-10-05T21:00:00Z,112,0,112,1
2021-10-05T22:00:00Z,116,0,116,0
2021-10-05T23:00:00Z,264,0,264,0
2021-10-06T00:00:00Z,1,369,370,0
2021-10-06T01:00:00Z,0,252,252,0
2021-10-06T02:00:00Z,0,177,177,0
2021-10-06T03:00:00Z,0,210,210,0
2021-10-06T04:00:00Z,0,171,171,0
2021-10-06T05:00:00Z,0,290,290,0
2021-10-06T06:00:00Z,0,297,297,1
2021-10-06T07:00:00Z,0,282,282,1
2021-10-06T08:00:00Z,0,230,230,1
2021-10-06T09:00:00Z,0,345,345,1
2021-10-06T10:00:00Z,0,179,179,1
2021-10-06T11:00:00Z,0,814,814,1
2021-10-06T12:00:00Z,0,250,250,1
2021-10-06T13:00:00Z,0,232,232,1
2021-10-06T14:00:00Z,0,234,234,1
2021-10-06T15:00:00Z,0,976,976,1
2021-10-06T16:00:00Z,496,1,497,1
2021-10-06T17:00:00Z,668,0,668,1
2021-10-06T18:00:00Z,112,0,112,1
2021-10-06T19:00:00Z,121,0,121,1
2021-10-06T20:00:00Z,127,0,127,1
2021-10-06T21:00:00Z,131,0,131,1
2021-10-06T22:00:00Z,111,0,111,0
2021-10-06T23:00:00Z,269,0,269,0
2021-10-07T00:00:00Z,1,315,316,0
2021-10-07T01:00:00Z,0,133,133,0
2021-10-07T02:00:00Z,0,125,125,0
2021-10-07T03:00:00Z,0,104,104,0
2021-10-07T04:00:00Z,0,111,111,0
2021-10-07T05:00:00Z,0,127,127,0
2021-10-07T06:00:00Z,0,241,241,1
2021-10-07T07:00:00Z,0,170,170,1
2021-10-07T08:00:00Z,0,170,170,1
2021-10-07T09:00:00Z,0,167,167,1
2021-10-07T10:00:00Z,0,430,430,1
2021-10-07T11:00:00Z,0,1754,1754,1
2021-10-07T12:00:00Z,0,470,470,1
2021-10-07T13:00:00Z,0,506,506,1
2021-10-07T14:00:00Z,0,268,268,1
2021-10-07T15:00:00Z,0,234,234,1
2021-10-07T16:00:00Z,149,2,151,1
2021-10-07T17:00:00Z,126,0,126,1
2021-10-07T18:00:00Z,124,0,124,1
2021-10-07T19:00:00Z,309,0,309,1
2021-10-07T20:00:00Z,682,0,682,1
2021-10-07T21:00:00Z,661,0,661,1
2021-10-07T22:00:00Z,136,0,136,0
2021-10-07T23:00:00Z,214,0,214,0
2021-10-08T00:00:00Z,1,408,409,0
2021-10-08T01:00:00Z,0,326,326,0
2021-10-08T02:00:00Z,0,184,184,0
2021-10-08T03:00:00Z,0,136,136,0
2021-10-08T04:00:00Z,0,167,167,0
2021-10-08T05:00:00Z,0,197,197,0
2021-10-08T06:00:00Z,0,201,201,1
2021-10-08T07:00:00Z,0,204,204,1
2021-10-08T08:00:00Z,0,163,163,1
2021-10-08T09:00:00Z,0,161,161,1
2021-10-08T10:00:00Z,0,339,339,1
2021-10-08T11:00:00Z,0,1112,1112,1
2021-10-08T12:00:00Z,0,269,269,1
2021-10-08T13:00:00Z,0,245,245,1
2021-10-08T14:00:00Z,0,250,250,1
2021-10-08T15:00:00Z,0,437,437,1
2021-10-08T16:00:00Z,140,0,140,1
2021-10-08T17:00:00Z,130,0,130,1
2021-10-08T18:00:00Z,117,0,117,1
2021-10-08T19:00:00Z,571,0,571,1
2021-10-08T20:00:00Z,454,0,454,1
2021-10-08T21:00:00Z,662,0,662,1
2021-10-08T22:00:00Z,145,0,145,0
2021-10-08T23:00:00Z,155,0,155,0
2021-10-09T00:00:00Z,0,270,270,0
2021-10-09T01:00:00Z,0,242,242,0
2021-10-09T02:00:00Z,0,447,447,0
2021-10-09T03:00:00Z,0,160,160,0
2021-10-09T04:00:00Z,0,119,119,0
2021-10-09T05:00:00Z,0,116,116,0
2021-10-09T06:00:00Z,0,103,103,1
2021-10-09T07:00:00Z,0,108,108,1
2021-10-09T08:00:00Z,0,107,107,1
2021-10-09T09:00:00Z,0,137,137,1
2021-10-09T10:00:00Z,0,237,237,1
2021-10-09T11:00:00Z,0,1289,1289,1
2021-10-09T12:00:00Z,0,262,262,1
2021-10-09T13:00:00Z,0,238,238,1
2021-10-09T14:00:00Z,0,234,234,1
2021-10-09T15:00:00Z,0,311,311,1
2021-10-09T16:00:00Z,136,0,136,1
2021-10-09T17:00:00Z,123,0,123,1
2021-10-09T18:00:00Z,130,0,130,1
2021-10-09T19:00:00Z,537,0,537,1
2021-10-09T20:00:00Z,451,0,451,1
2021-10-09T21:00:00Z,652,0,652,1
2021-10-09T22:00:00Z,124,0,124,0
2021-10-09T23:00:00Z,146,0,146,0
2021-10-10T00:00:00Z,497,0,497,0
2021-10-10T01:00:00Z,373,0,373,0
2021-10-10T02:00:00Z,2443,0,2443,0
2021-10-10T03:00:00Z,455,0,455,0
2021-10-10T04:00:00Z,1296,0,1296,0
2021-10-10T05:00:00Z,1863,0,1863,0
2021-10-10T06:00:00Z,1498,0,1498,1
2021-10-10T07:00:00Z,665,0,665,1
2021-10-10T08:00:00Z,234,0,234,1
2021-10-10T09:00:00Z,150,0,150,1
2021-10-10T10:00:00Z,1318,0,1318,1
2021-10-10T11:00:00Z,1304,0,1304,1
2021-10-10T12:00:00Z,738,0,738,1
2021-10-10T13:00:00Z,773,0,773,1
2021-10-10T14:00:00Z,257,0,257,1
2021-10-10T15:00:00Z,275,0,275,1
2021-10-10T16:00:00Z,138,0,138,1
2021-10-10T17:00:00Z,123,0,123,1
2021-10-10T18:00:00Z,127,0,127,1
2021-10-10T19:00:00Z,842,0,842,1
2021-10-10T20:00:00Z,692,0,692,1
2021-10-10T21:00:00Z,124,0,124,1
2021-10-10T22:00:00Z,112,0,112,0
2021-10-10T23:00:00Z,147,0,147,0
2021-10-11T00:00:00Z,177,0,177,0
2021-10-11T01:00:00Z,485,0,485,0
2021-10-11T02:00:00Z,681,0,681,0
2021-10-11T03:00:00Z,2403,0,2403,0
2021-10-11T04:00:00Z,605,0,605,0
2021-10-11T05:00:00Z,333,0,333,0
2021-10-11T06:00:00Z,346,0,346,1
2021-10-11T07:00:00Z,321,0,321,1
2021-10-11T08:00:00Z,310,0,310,1
2021-10-11T09:00:00Z,251,0,251,1
2021-10-11T10:00:00Z,1189,0,1189,1
2021-10-11T11:00:00Z,1715,0,1715,1
2021-10-11T12:00:00Z,478,0,478,1
2021-10-11T13:00:00Z,240,0,240,1
2021-10-11T14:00:00Z,230,0,230,1
2021-10-11T15:00:00Z,229,0,229,1
2021-10-11T16:00:00Z,251,0,251,1
2021-10-11T17:00:00Z,146,0,146,1
2021-10-11T18:00:00Z,122,0,122,1
2021-10-11T19:00:00Z,114,0,114,1
2021-10-11T20:00:00Z,125,0,125,1
2021-10-11T21:00:00Z,123,0,123,1
2021-10-11T22:00:00Z,127,0,127,0
2021-10-11T23:00:00Z,233,0,233,0
2021-10-12T00:00:00Z,0,895,895,0
2021-10-12T01:00:00Z,0,816,816,0
2021-10-12T02:00:00Z,0,233,233,0
2021-10-12T03:00:00Z,0,120,120,0
2021-10-12T04:00:00Z,0,117,117,0
2021-10-12T05:00:00Z,0,107,107,0
2021-10-12T06:00:00Z,0,113,113,1
2021-10-12T07:00:00Z,0,110,110,1
2021-10-12T08:00:00Z,0,111,111,1
2021-10-12T09:00:00Z,0,143,143,1
2021-10-12T10:00:00Z,0,1009,1009,1
2021-10-12T11:00:00Z,0,431,431,1
2021-10-12T12:00:00Z,0,263,263,1
2021-10-12T13:00:00Z,0,326,326,1
2021-10-12T14:00:00Z,0,264,264,1
2021-10-12T15:00:00Z,0,387,387,1
2021-10-12T16:00:00Z,155,0,155,1
2021-10-12T17:00:00Z,125,0,125,1
2021-10-12T18:00:00Z,123,0,123,1
2021-10-12T19:00:00Z,552,0,552,1
2021-10-12T20:00:00Z,463,0,463,1
2021-10-12T21:00:00Z,665,0,665,1
2021-10-12T22:00:00Z,139,0,139,0
2021-10-12T23:00:00Z,179,0,179,0
2021-10-13T00:00:00Z,1,486,487,0
2021-10-13T01:00:00Z,0,202,202,0
2021-10-13T02:00:00Z,0,175,175,0
2021-10-13T03:00:00Z,0,215,215,0
2021-10-13T04:00:00Z,0,163,163,0
2021-10-13T05:00:00Z,0,170,170,0
2021-10-13T06:00:00Z,0,178,178,1
2021-10-13T07:00:00Z,0,173,173,1
2021-10-13T08:00:00Z,0,191,191,1
2021-10-13T09:00:00Z,0,297,297,1
2021-10-13T10:00:00Z,0,359,359,1
2021-10-13T11:00:00Z,0,706,706,1
2021-10-13T12:00:00Z,0,425,425,1
2021-10-13T13:00:00Z,0,257,257,1
2021-10-13T14:00:00Z,0,311,311,1
2021-10-13T15:00:00Z,0,249,249,1
2021-10-13T16:00:00Z,315,0,315,1
2021-10-13T17:00:00Z,134,0,134,1
2021-10-13T18:00:00Z,124,0,124,1
2021-10-13T19:00:00Z,119,0,119,1
2021-10-13T20:00:00Z,885,0,885,1
2021-10-13T21:00:00Z,708,0,708,1
2021-10-13T22:00:00Z,146,0,146,0
2021-10-13T23:00:00Z,181,0,181,0
2021-10-14T00:00:00Z,0,387,387,0
2021-10-14T01:00:00Z,0,206,206,0
2021-10-14T02:00:00Z,0,165,165,0
2021-10-14T03:00:00Z,0,149,149,0
2021-10-14T04:00:00Z,0,192,192,0
2021-10-14T05:00:00Z,0,196,196,0
2021-10-14T06:00:00Z,0,186,186,1
2021-10-14T07:00:00Z,0,153,153,1
2021-10-14T08:00:00Z,0,190,190,1
2021-10-14T09:00:00Z,0,343,343,1
2021-10-14T10:00:00Z,0,267,267,1
2021-10-14T11:00:00Z,0,150,150,1
2021-10-14T12:00:00Z,0,126,126,1
2021-10-14T13:00:00Z,0,118,118,1
2021-10-14T14:00:00Z,0,251,251,1
2021-10-14T15:00:00Z,0,249,249,1
2021-10-14T16:00:00Z,214,0,214,1
2021-10-14T17:00:00Z,132,0,132,1
2021-10-14T18:00:00Z,123,0,123,1
2021-10-14T19:00:00Z,118,0,118,1
2021-10-14T20:00:00Z,641,0,641,1
2021-10-14T21:00:00Z,544,0,544,1
2021-10-14T22:00:00Z,454,0,454,0
2021-10-14T23:00:00Z,168,0,168,0
2021-10-15T00:00:00Z,3,369,372,0
2021-10-15T01:00:00Z,0,173,173,0
2021-10-15T02:00:00Z,0,889,889,0
2021-10-15T03:00:00Z,0,347,347,0
2021-10-15T04:00:00Z,0,280,280,0
2021-10-15T05:00:00Z,0,248,248,0
2021-10-15T06:00:00Z,0,200,200,1
2021-10-15T07:00:00Z,0,172,172,1
2021-10-15T08:00:00Z,0,162,162,1
2021-10-15T09:00:00Z,0,399,399,1
2021-10-15T10:00:00Z,0,1703,1703,1
2021-10-15T11:00:00Z,0,659,659,1
2021-10-15T12:00:00Z,0,491,491,1
2021-10-15T13:00:00Z,0,265,265,1
2021-10-15T14:00:00Z,0,240,240,1
2021-10-15T15:00:00Z,0,481,481,1
2021-10-15T16:00:00Z,168,1,169,1
2021-10-15T17:00:00Z,123,0,123,1
2021-10-15T18:00:00Z,124,0,124,1
2021-10-15T19:00:00Z,121,0,121,1
2021-10-15T20:00:00Z,867,0,867,1
2021-10-15T21:00:00Z,701,0,701,1
2021-10-15T22:00:00Z,131,0,131,0
2021-10-15T23:00:00Z,141,0,141,0
2021-10-16T00:00:00Z,0,213,213,0
2021-10-16T01:00:00Z,0,313,313,0
2021-10-16T02:00:00Z,0,276,276,0
2021-10-16T03:00:00Z,0,273,273,0
2021-10-16T04:00:00Z,0,365,365,0
2021-10-16T05:00:00Z,0,291,291,0
2021-10-16T06:00:00Z,0,279,279,1
2021-10-16T07:00:00Z,0,282,282,1
2021-10-16T08:00:00Z,0,256,256,1
2021-10-16T09:00:00Z,0,289,289,1
2021-10-16T10:00:00Z,0,281,281,1
2021-10-16T11:00:00Z,0,809,809,1
2021-10-16T12:00:00Z,0,238,238,1
2021-10-16T13:00:00Z,0,242,242,1
2021-10-16T14:00:00Z,0,419,419,1
2021-10-16T15:00:00Z,0,320,320,1
2021-10-16T16:00:00Z,146,0,146,1
2021-10-16T17:00:00Z,125,0,125,1
2021-10-16T18:00:00Z,123,0,123,1
2021-10-16T19:00:00Z,401,0,401,1
2021-10-16T20:00:00Z,613,0,613,1
2021-10-16T21:00:00Z,674,0,674,1
2021-10-16T22:00:00Z,137,0,137,0
2021-10-16T23:00:00Z,142,0,142,0
2021-10-17T00:00:00Z,283,0,283,0
2021-10-17T01:00:00Z,694,0,694,0
2021-10-17T02:00:00Z,1878,0,1878,0
2021-10-17T03:00:00Z,728,0,728,0
2021-10-17T04:00:00Z,124,0,124,0
2021-10-17T05:00:00Z,430,0,430,0
2021-10-17T06:00:00Z,1369,0,1369,1
2021-10-17T07:00:00Z,426,0,426,1
2021-10-17T08:00:00Z,356,0,356,1
2021-10-17T09:00:00Z,431,0,431,1
2021-10-17T10:00:00Z,1806,0,1806,1
2021-10-17T11:00:00Z,1995,0,1995,1
2021-10-17T12:00:00Z,467,0,467,1
2021-10-17T13:00:00Z,385,0,385,1
2021-10-17T14:00:00Z,328,0,328,1
2021-10-17T15:00:00Z,306,0,306,1
2021-10-17T16:00:00Z,138,0,138,1
2021-10-17T17:00:00Z,123,0,123,1
2021-10-17T18:00:00Z,117,0,117,1
2021-10-17T19:00:00Z,574,0,574,1
2021-10-17T20:00:00Z,464,0,464,1
2021-10-17T21:00:00Z,691,0,691,1
2021-10-17T22:00:00Z,158,0,158,0
2021-10-17T23:00:00Z,143,0,143,0
2021-10-18T00:00:00Z,237,0,237,0
2021-10-18T01:00:00Z,468,0,468,0
2021-10-18T02:00:00Z,754,0,754,0
2021-10-18T03:00:00Z,377,0,377,0
2021-10-18T04:00:00Z,414,0,414,0
2021-10-18T05:00:00Z,518,0,518,0
2021-10-18T06:00:00Z,319,0,319,1
2021-10-18T07:00:00Z,284,0,284,1
2021-10-18T08:00:00Z,269,0,269,1
2021-10-18T09:00:00Z,901,0,901,1
2021-10-18T10:00:00Z,539,0,539,1
2021-10-18T11:00:00Z,1319,0,1319,1
2021-10-18T12:00:00Z,236,0,236,1
2021-10-18T13:00:00Z,474,0,474,1
2021-10-18T14:00:00Z,227,0,227,1
2021-10-18T15:00:00Z,255,0,255,1
2021-10-18T16:00:00Z,158,0,158,1
2021-10-18T17:00:00Z,129,0,129,1
2021-10-18T18:00:00Z,121,0,121,1
2021-10-18T19:00:00Z,612,0,612,1
2021-10-18T20:00:00Z,413,0,413,1
2021-10-18T21:00:00Z,682,0,682,1
2021-10-18T22:00:00Z,157,0,157,0
2021-10-18T23:00:00Z,233,0,233,0
2021-10-19T00:00:00Z,0,233,233,0
2021-10-19T01:00:00Z,0,126,126,0
2021-10-19T02:00:00Z,0,113,113,0
2021-10-19T03:00:00Z,0,120,120,0
2021-10-19T04:00:00Z,0,120,120,0
2021-10-19T05:00:00Z,0,113,113,0
2021-10-19T06:00:00Z,0,114,114,1
2021-10-19T07:00:00Z,0,105,105,1
2021-10-19T08:00:00Z,0,114,114,1
2021-10-19T09:00:00Z,0,150,150,1
2021-10-19T10:00:00Z,0,325,325,1
2021-10-19T11:00:00Z,0,851,851,1
2021-10-19T12:00:00Z,0,347,347,1
2021-10-19T13:00:00Z,0,243,243,1
2021-10-19T14:00:00Z,0,243,243,1
2021-10-19T15:00:00Z,0,300,300,1
2021-10-19T16:00:00Z,152,1,153,1
2021-10-19T17:00:00Z,130,0,130,1
2021-10-19T18:00:00Z,123,0,123,1
2021-10-19T19:00:00Z,548,0,548,1
2021-10-19T20:00:00Z,458,0,458,1
2021-10-19T21:00:00Z,670,0,670,1
2021-10-19T22:00:00Z,119,0,119,0
2021-10-19T23:00:00Z,251,0,251,0
2021-10-20T00:00:00Z,0,267,267,0
2021-10-20T01:00:00Z,0,119,119,0
2021-10-20T02:00:00Z,0,120,120,0
2021-10-20T03:00:00Z,0,777,777,0
2021-10-20T04:00:00Z,0,482,482,0
2021-10-20T05:00:00Z,0,393,393,0
2021-10-20T06:00:00Z,0,374,374,1
2021-10-20T07:00:00Z,0,501,501,1
2021-10-20T08:00:00Z,0,495,495,1
2021-10-20T09:00:00Z,0,468,468,1
2021-10-20T10:00:00Z,0,400,400,1
2021-10-20T11:00:00Z,0,1600,1600,1
2021-10-20T12:00:00Z,0,286,286,1
2021-10-20T13:00:00Z,0,390,390,1
2021-10-20T14:00:00Z,0,259,259,1
2021-10-20T15:00:00Z,0,245,245,1
2021-10-20T16:00:00Z,268,2,270,1
2021-10-20T17:00:00Z,132,0,132,1
2021-10-20T18:00:00Z,130,0,130,1
2021-10-20T19:00:00Z,130,0,130,1
2021-10-20T20:00:00Z,646,0,646,1
2021-10-20T21:00:00Z,687,0,687,1
2021-10-20T22:00:00Z,320,0,320,0
2021-10-20T23:00:00Z,164,0,164,0
2021-10-21T00:00:00Z,0,356,356,0
2021-10-21T01:00:00Z,0,246,246,0
2021-10-21T02:00:00Z,0,199,199,0
2021-10-21T03:00:00Z,0,227,227,0
2021-10-21T04:00:00Z,0,304,304,0
2021-10-21T05:00:00Z,0,405,405,0
2021-10-21T06:00:00Z,0,1162,1162,1
2021-10-21T07:00:00Z,0,800,800,1
2021-10-21T08:00:00Z,0,400,400,1
2021-10-21T09:00:00Z,0,296,296,1
2021-10-21T10:00:00Z,0,624,624,1
2021-10-21T11:00:00Z,0,558,558,1
2021-10-21T12:00:00Z,0,354,354,1
2021-10-21T13:00:00Z,0,239,239,1
2021-10-21T14:00:00Z,0,240,240,1
2021-10-21T15:00:00Z,0,292,292,1
2021-10-21T16:00:00Z,159,1,160,1
2021-10-21T17:00:00Z,127,0,127,1
2021-10-21T18:00:00Z,123,0,123,1
2021-10-21T19:00:00Z,552,0,552,1
2021-10-21T20:00:00Z,460,0,460,1
2021-10-21T21:00:00Z,681,0,681,1
2021-10-21T22:00:00Z,130,0,130,0
2021-10-21T23:00:00Z,164,0,164,0
2021-10-22T00:00:00Z,0,372,372,0
2021-10-22T01:00:00Z,0,192,192,0
2021-10-22T02:00:00Z,0,173,173,0
2021-10-22T03:00:00Z,0,226,226,0
2021-10-22T04:00:00Z,0,262,262,0
2021-10-22T05:00:00Z,0,458,458,0
2021-10-22T06:00:00Z,0,169,169,1
2021-10-22T07:00:00Z,0,310,310,1
2021-10-22T08:00:00Z,0,343,343,1
2021-10-22T09:00:00Z,0,414,414,1
2021-10-22T10:00:00Z,0,294,294,1
2021-10-22T11:00:00Z,0,577,577,1
2021-10-22T12:00:00Z,0,706,706,1
2021-10-22T13:00:00Z,0,275,275,1
2021-10-22T14:00:00Z,0,435,435,1
2021-10-22T15:00:00Z,0,272,272,1
2021-10-22T16:00:00Z,165,1,166,1
2021-10-22T17:00:00Z,131,0,131,1
2021-10-22T18:00:00Z,125,0,125,1
2021-10-22T19:00:00Z,129,0,129,1
2021-10-22T20:00:00Z,907,0,907,1
2021-10-22T21:00:00Z,719,0,719,1
2021-10-22T22:00:00Z,149,0,149,0
2021-10-22T23:00:00Z,143,0,143,0
2021-10-23T00:00:00Z,0,362,362,0
2021-10-23T01:00:00Z,0,982,982,0
2021-10-23T02:00:00Z,0,413,413,0
2021-10-23T03:00:00Z,0,302,302,0
2021-10-23T04:00:00Z,0,312,312,0
2021-10-23T05:00:00Z,0,276,276,0
2021-10-23T06:00:00Z,0,281,281,1
2021-10-23T07:00:00Z,0,270,270,1
2021-10-23T08:00:00Z,0,228,228,1
2021-10-23T09:00:00Z,0,326,326,1
2021-10-23T10:00:00Z,0,2120,2120,1
2021-10-23T11:00:00Z,0,1388,1388,1
2021-10-23T12:00:00Z,0,375,375,1
2021-10-23T13:00:00Z,0,483,483,1
2021-10-23T14:00:00Z,0,248,248,1
2021-10-23T15:00:00Z,0,335,335,1
2021-10-23T16:00:00Z,203,0,203,1
2021-10-23T17:00:00Z,134,0,134,1
2021-10-23T18:00:00Z,124,0,124,1
2021-10-23T19:00:00Z,193,0,193,1
2021-10-23T20:00:00Z,820,0,820,1
2021-10-23T21:00:00Z,700,0,700,1
2021-10-23T22:00:00Z,132,0,132,0
2021-10-23T23:00:00Z,132,0,132,0
2021-10-24T00:00:00Z,432,0,432,0
2021-10-24T01:00:00Z,623,0,623,0
2021-10-24T02:00:00Z,320,0,320,0
2021-10-24T03:00:00Z,313,0,313,0
2021-10-24T04:00:00Z,285,0,285,0
2021-10-24T05:00:00Z,1507,0,1507,0
2021-10-24T06:00:00Z,1451,0,1451,1
2021-10-24T07:00:00Z,900,0,900,1
2021-10-24T08:00:00Z,266,0,266,1
2021-10-24T09:00:00Z,279,0,279,1
2021-10-24T10:00:00Z,216,0,216,1
2021-10-24T11:00:00Z,1604,0,1604,1
2021-10-24T12:00:00Z,331,0,331,1
2021-10-24T13:00:00Z,1035,0,1035,1
2021-10-24T14:00:00Z,850,0,850,1
2021-10-24T15:00:00Z,935,0,935,1
2021-10-24T16:00:00Z,233,0,233,1
2021-10-24T17:00:00Z,183,0,183,1
2021-10-24T18:00:00Z,122,0,122,1
2021-10-24T19:00:00Z,120,0,120,1
2021-10-24T20:00:00Z,110,0,110,1
2021-10-24T21:00:00Z,878,0,878,1
2021-10-24T22:00:00Z,730,0,730,0
2021-10-24T23:00:00Z,140,0,140,0
2021-10-25T00:00:00Z,151,0,151,0
2021-10-25T01:00:00Z,693,0,693,0
2021-10-25T02:00:00Z,436,0,436,0
2021-10-25T03:00:00Z,125,0,125,0
2021-10-25T04:00:00Z,126,0,126,0
2021-10-25T05:00:00Z,112,0,112,0
2021-10-25T06:00:00Z,116,0,116,1
2021-10-25T07:00:00Z,115,0,115,1
2021-10-25T08:00:00Z,121,0,121,1
2021-10-25T09:00:00Z,128,0,128,1
2021-10-25T10:00:00Z,131,0,131,1
2021-10-25T11:00:00Z,1236,0,1236,1
2021-10-25T12:00:00Z,640,0,640,1
2021-10-25T13:00:00Z,260,0,260,1
2021-10-25T14:00:00Z,256,0,256,1
2021-10-25T15:00:00Z,233,0,233,1
2021-10-25T16:00:00Z,951,0,951,1
2021-10-25T17:00:00Z,163,0,163,1
2021-10-25T18:00:00Z,122,0,122,1
2021-10-25T19:00:00Z,123,0,123,1
2021-10-25T20:00:00Z,257,0,257,1
2021-10-25T21:00:00Z,732,0,732,1
2021-10-25T22:00:00Z,715,0,715,0
2021-10-25T23:00:00Z,225,0,225,0
2021-10-26T00:00:00Z,0,163,163,0
2021-10-26T01:00:00Z,0,233,233,0
2021-10-26T02:00:00Z,0,399,399,0
2021-10-26T03:00:00Z,0,308,308,0
2021-10-26T04:00:00Z,0,241,241,0
2021-10-26T05:00:00Z,0,312,312,0
2021-10-26T06:00:00Z,0,1125,1125,1
2021-10-26T07:00:00Z,0,1315,1315,1
2021-10-26T08:00:00Z,0,1483,1483,1
2021-10-26T09:00:00Z,0,384,384,1
2021-10-26T10:00:00Z,0,230,230,1
2021-10-26T11:00:00Z,0,654,654,1
2021-10-26T12:00:00Z,0,302,302,1
2021-10-26T13:00:00Z,0,281,281,1
2021-10-26T14:00:00Z,0,277,277,1
2021-10-26T15:00:00Z,0,264,264,1
2021-10-26T16:00:00Z,145,1,146,1
2021-10-26T17:00:00Z,130,0,130,1
2021-10-26T18:00:00Z,124,0,124,1
2021-10-26T19:00:00Z,567,0,567,1
2021-10-26T20:00:00Z,463,0,463,1
2021-10-26T21:00:00Z,684,0,684,1
2021-10-26T22:00:00Z,152,0,152,0
2021-10-26T23:00:00Z,171,0,171,0
2021-10-27T00:00:00Z,1,325,326,0
2021-10-27T01:00:00Z,0,237,237,0
2021-10-27T02:00:00Z,0,196,196,0
2021-10-27T03:00:00Z,0,154,154,0
2021-10-27T04:00:00Z,0,131,131,0
2021-10-27T05:00:00Z,0,1408,1408,0
2021-10-27T06:00:00Z,0,199,199,1
2021-10-27T07:00:00Z,0,165,165,1
2021-10-27T08:00:00Z,0,170,170,1
2021-10-27T09:00:00Z,0,164,164,1
2021-10-27T10:00:00Z,0,195,195,1
2021-10-27T11:00:00Z,0,152,152,1
2021-10-27T12:00:00Z,0,327,327,1
2021-10-27T13:00:00Z,0,759,759,1
2021-10-27T14:00:00Z,0,276,276,1
2021-10-27T15:00:00Z,0,229,229,1
2021-10-27T16:00:00Z,214,1,215,1
2021-10-27T17:00:00Z,144,0,144,1
2021-10-27T18:00:00Z,123,0,123,1
2021-10-27T19:00:00Z,119,0,119,1
2021-10-27T20:00:00Z,560,0,560,1
2021-10-27T21:00:00Z,459,0,459,1
2021-10-27T22:00:00Z,681,0,681,0
2021-10-27T23:00:00Z,179,0,179,0
2021-10-28T00:00:00Z,1,372,373,0
2021-10-28T01:00:00Z,0,252,252,0
2021-10-28T02:00:00Z,0,151,151,0
2021-10-28T03:00:00Z,0,140,140,0
2021-10-28T04:00:00Z,0,222,222,0
2021-10-28T05:00:00Z,0,178,178,0
2021-10-28T06:00:00Z,0,142,142,1
2021-10-28T07:00:00Z,0,293,293,1
2021-10-28T08:00:00Z,0,164,164,1
2021-10-28T09:00:00Z,0,223,223,1
2021-10-28T10:00:00Z,0,226,226,1
2021-10-28T11:00:00Z,0,143,143,1
2021-10-28T12:00:00Z,0,126,126,1
2021-10-28T13:00:00Z,0,820,820,1
2021-10-28T14:00:00Z,0,291,291,1
2021-10-28T15:00:00Z,0,293,293,1
2021-10-28T16:00:00Z,234,1,235,1
2021-10-28T17:00:00Z,142,0,142,1
2021-10-28T18:00:00Z,121,0,121,1
2021-10-28T19:00:00Z,118,0,118,1
2021-10-28T20:00:00Z,553,0,553,1
2021-10-28T21:00:00Z,461,0,461,1
2021-10-28T22:00:00Z,696,0,696,0
2021-10-28T23:00:00Z,182,0,182,0
2021-10-29T00:00:00Z,0,396,396,0
2021-10-29T01:00:00Z,0,212,212,0
2021-10-29T02:00:00Z,0,186,186,0
2021-10-29T03:00:00Z,0,155,155,0
2021-10-29T04:00:00Z,0,139,139,0
2021-10-29T05:00:00Z,0,306,306,0
2021-10-29T06:00:00Z,0,161,161,1
2021-10-29T07:00:00Z,0,168,168,1
2021-10-29T08:00:00Z,0,215,215,1
2021-10-29T09:00:00Z,0,182,182,1
2021-10-29T10:00:00Z,0,236,236,1
2021-10-29T11:00:00Z,0,970,970,1
2021-10-29T12:00:00Z,0,395,395,1
2021-10-29T13:00:00Z,0,247,247,1
2021-10-29T14:00:00Z,0,317,317,1
2021-10-29T15:00:00Z,0,457,457,1
2021-10-29T16:00:00Z,231,0,231,1
2021-10-29T17:00:00Z,150,0,150,1
2021-10-29T18:00:00Z,126,0,126,1
2021-10-29T19:00:00Z,116,0,116,1
2021-10-29T20:00:00Z,547,0,547,1
2021-10-29T21:00:00Z,457,0,457,1
2021-10-29T22:00:00Z,710,0,710,0
2021-10-29T23:00:00Z,143,0,143,0
2021-10-30T00:00:00Z,0,225,225,0
2021-10-30T01:00:00Z,0,337,337,0
2021-10-30T02:00:00Z,0,310,310,0
2021-10-30T03:00:00Z,0,601,601,0
2021-10-30T04:00:00Z,0,334,334,0
2021-10-30T05:00:00Z,0,425,425,0
2021-10-30T06:00:00Z,0,319,319,1
2021-10-30T07:00:00Z,0,314,314,1
2021-10-30T08:00:00Z,0,282,282,1
2021-10-30T09:00:00Z,0,226,226,1
2021-10-30T10:00:00Z,0,424,424,1
2021-10-30T11:00:00Z,0,805,805,1
2021-10-30T12:00:00Z,0,226,226,1
2021-10-30T13:00:00Z,0,233,233,1
2021-10-30T14:00:00Z,0,234,234,1
2021-10-30T15:00:00Z,0,219,219,1
2021-10-30T16:00:00Z,221,1,222,1
2021-10-30T17:00:00Z,141,0,141,1
2021-10-30T18:00:00Z,115,0,115,1
2021-10-30T19:00:00Z,120,0,120,1
2021-10-30T20:00:00Z,660,0,660,1
2021-10-30T21:00:00Z,484,0,484,1
2021-10-30T22:00:00Z,545,0,545,0
2021-10-30T23:00:00Z,153,0,153,0
2021-10-31T00:00:00Z,267,0,267,0
2021-10-31T01:00:00Z,352,0,352,0
2021-10-31T02:00:00Z,720,0,720,0
2021-10-31T03:00:00Z,872,0,872,0
2021-10-31T04:00:00Z,1321,0,1321,0
2021-10-31T05:00:00Z,3288,0,3288,0
2021-10-31T06:00:00Z,1082,0,1082,1
2021-10-31T07:00:00Z,174,0,174,1
2021-10-31T08:00:00Z,122,0,122,1
2021-10-31T09:00:00Z,2149,0,2149,1
2021-10-31T10:00:00Z,2022,0,2022,1
2021-10-31T17:00:00Z,126,0,126,1
2021-10-31T18:00:00Z,118,0,118,1
2021-10-31T19:00:00Z,115,0,115,1
2021-10-31T20:00:00Z,676,0,676,1
2021-10-31T21:00:00Z,686,0,686,1
2021-10-31T22:00:00Z,337,0,337,0
2021-10-31T23:00:00Z,127,0,127,0
2021-11-01T00:00:00Z,160,0,160,0
2021-11-01T01:00:00Z,272,0,272,0
2021-11-01T02:00:00Z,864,0,864,0
2021-11-01T03:00:00Z,1667,0,1667,0
2021-11-01T04:00:00Z,2709,0,2709,0
2021-11-01T05:00:00Z,879,0,879,0
2021-11-01T06:00:00Z,1253,0,1253,1
2021-11-01T07:00:00Z,1364,0,1364,1
2021-11-01T08:00:00Z,1699,0,1699,1
2021-11-01T09:00:00Z,471,0,471,1
2021-11-01T10:00:00Z,160,0,160,1
2021-11-01T11:00:00Z,516,0,516,1
2021-11-01T12:00:00Z,311,0,311,1
2021-11-01T13:00:00Z,238,0,238,1
2021-11-01T14:00:00Z,226,0,226,1
2021-11-01T15:00:00Z,394,0,394,1
2021-11-01T16:00:00Z,478,0,478,1
2021-11-01T17:00:00Z,155,0,155,1
2021-11-01T18:00:00Z,130,0,130,1
2021-11-01T19:00:00Z,106,0,106,1
2021-11-01T20:00:00Z,577,0,577,1
2021-11-01T21:00:00Z,463,0,463,1
2021-11-01T22:00:00Z,681,0,681,0
2021-11-01T23:00:00Z,158,0,158,0
2021-11-02T00:00:00Z,240,0,240,0
2021-11-02T01:00:00Z,0,384,384,0
2021-11-02T02:00:00Z,0,152,152,0
2021-11-02T03:00:00Z,0,121,121,0
2021-11-02T04:00:00Z,0,122,122,0
2021-11-02T05:00:00Z,0,122,122,0
2021-11-02T06:00:00Z,0,102,102,1
2021-11-02T07:00:00Z,0,107,107,1
2021-11-02T08:00:00Z,0,121,121,1
2021-11-02T09:00:00Z,0,115,115,1
2021-11-02T10:00:00Z,0,162,162,1
2021-11-02T11:00:00Z,0,416,416,1
2021-11-02T12:00:00Z,0,606,606,1
2021-11-02T13:00:00Z,0,797,797,1
2021-11-02T14:00:00Z,0,264,264,1
2021-11-02T15:00:00Z,0,244,244,1
2021-11-02T16:00:00Z,0,302,302,1
2021-11-02T17:00:00Z,167,0,167,1
2021-11-02T18:00:00Z,125,0,125,1
2021-11-02T19:00:00Z,126,0,126,1
2021-11-02T20:00:00Z,451,0,451,1
2021-11-02T21:00:00Z,554,0,554,1
2021-11-02T22:00:00Z,670,0,670,0
2021-11-02T23:00:00Z,167,0,167,0
2021-11-03T00:00:00Z,189,0,189,0
2021-11-03T01:00:00Z,1,425,426,0
2021-11-03T02:00:00Z,0,194,194,0
2021-11-03T03:00:00Z,0,175,175,0
2021-11-03T04:00:00Z,0,154,154,0
2021-11-03T05:00:00Z,0,184,184,0
2021-11-03T06:00:00Z,0,234,234,1
2021-11-03T07:00:00Z,0,160,160,1
2021-11-03T08:00:00Z,0,184,184,1
2021-11-03T09:00:00Z,0,179,179,1
2021-11-03T10:00:00Z,0,197,197,1
2021-11-03T11:00:00Z,0,328,328,1
2021-11-03T12:00:00Z,0,917,917,1
2021-11-03T13:00:00Z,0,273,273,1
2021-11-03T14:00:00Z,0,256,256,1
2021-11-03T15:00:00Z,0,232,232,1
2021-11-03T16:00:00Z,0,261,261,1
2021-11-03T17:00:00Z,162,1,163,1
2021-11-03T18:00:00Z,133,0,133,1
2021-11-03T19:00:00Z,131,0,131,1
2021-11-03T20:00:00Z,551,0,551,1
2021-11-03T21:00:00Z,455,0,455,1
2021-11-03T22:00:00Z,689,0,689,0
2021-11-03T23:00:00Z,172,0,172,0
2021-11-04T00:00:00Z,222,0,222,0
2021-11-04T01:00:00Z,1,483,484,0
2021-11-04T02:00:00Z,0,240,240,0
2021-11-04T03:00:00Z,0,251,251,0
2021-11-04T04:00:00Z,0,189,189,0
2021-11-04T05:00:00Z,0,165,165,0
2021-11-04T06:00:00Z,0,215,215,1
2021-11-04T07:00:00Z,0,185,185,1
2021-11-04T08:00:00Z,0,170,170,1
2021-11-04T09:00:00Z,0,150,150,1
2021-11-04T10:00:00Z,0,194,194,1
2021-11-04T11:00:00Z,0,557,557,1
2021-11-04T12:00:00Z,0,265,265,1
2021-11-04T13:00:00Z,0,257,257,1
2021-11-04T14:00:00Z,0,380,380,1
2021-11-04T15:00:00Z,0,299,299,1
2021-11-04T16:00:00Z,0,324,324,1
2021-11-04T17:00:00Z,174,1,175,1
2021-11-04T18:00:00Z,128,0,128,1
2021-11-04T19:00:00Z,126,0,126,1
2021-11-04T20:00:00Z,128,0,128,1
2021-11-04T21:00:00Z,896,0,896,1
2021-11-04T22:00:00Z,704,0,704,0
2021-11-04T23:00:00Z,156,0,156,0
2021-11-05T00:00:00Z,181,0,181,0
2021-11-05T01:00:00Z,1,395,396,0
2021-11-05T02:00:00Z,0,193,193,0
2021-11-05T03:00:00Z,0,184,184,0
2021-11-05T04:00:00Z,0,186,186,0
2021-11-05T05:00:00Z,0,208,208,0
2021-11-05T06:00:00Z,0,260,260,1
2021-11-05T07:00:00Z,0,317,317,1
2021-11-05T08:00:00Z,0,249,249,1
2021-11-05T09:00:00Z,0,227,227,1
2021-11-05T10:00:00Z,0,467,467,1
2021-11-05T11:00:00Z,0,815,815,1
2021-11-05T12:00:00Z,0,455,455,1
2021-11-05T13:00:00Z,0,250,250,1
2021-11-05T14:00:00Z,0,366,366,1
2021-11-05T15:00:00Z,0,279,279,1
2021-11-05T16:00:00Z,0,517,517,1
2021-11-05T17:00:00Z,161,1,162,1
2021-11-05T18:00:00Z,130,0,130,1
2021-11-05T19:00:00Z,129,0,129,1
2021-11-05T20:00:00Z,576,0,576,1
2021-11-05T21:00:00Z,466,0,466,1
2021-11-05T22:00:00Z,737,0,737,0
2021-11-05T23:00:00Z,151,0,151,0
2021-11-06T00:00:00Z,146,0,146,0
2021-11-06T01:00:00Z,0,258,258,0
2021-11-06T02:00:00Z,0,325,325,0
2021-11-06T03:00:00Z,0,357,357,0
2021-11-06T04:00:00Z,0,332,332,0
2021-11-06T05:00:00Z,0,271,271,0
2021-11-06T06:00:00Z,0,279,279,1
2021-11-06T07:00:00Z,0,818,818,1
2021-11-06T08:00:00Z,0,363,363,1
2021-11-06T09:00:00Z,0,326,326,1
2021-11-06T10:00:00Z,0,705,705,1
2021-11-06T11:00:00Z,0,393,393,1
2021-11-06T12:00:00Z,0,822,822,1
2021-11-06T13:00:00Z,0,1607,1607,1
2021-11-06T14:00:00Z,0,249,249,1
2021-11-06T15:00:00Z,0,237,237,1
2021-11-06T16:00:00Z,0,236,236,1
2021-11-06T17:00:00Z,208,0,208,1
2021-11-06T18:00:00Z,139,0,139,1
2021-11-06T19:00:00Z,124,0,124,1
2021-11-06T20:00:00Z,103,0,103,1
2021-11-06T21:00:00Z,696,0,696,1
2021-11-06T22:00:00Z,646,0,646,0
2021-11-06T23:00:00Z,412,0,412,0
2021-11-07T00:00:00Z,146,0,146,0
2021-11-07T01:00:00Z,144,0,144,0
2021-11-07T02:00:00Z,853,0,853,0
2021-11-07T03:00:00Z,664,0,664,0
2021-11-07T04:00:00Z,800,0,800,0
2021-11-07T05:00:00Z,315,0,315,0
2021-11-07T06:00:00Z,275,0,275,1
2021-11-07T07:00:00Z,2512,0,2512,1
2021-11-07T08:00:00Z,529,0,529,1
2021-11-07T09:00:00Z,201,0,201,1
2021-11-07T10:00:00Z,214,0,214,1
2021-11-07T11:00:00Z,639,0,639,1
2021-11-07T12:00:00Z,2158,0,2158,1
2021-11-07T13:00:00Z,911,0,911,1
2021-11-07T14:00:00Z,345,0,345,1
2021-11-07T15:00:00Z,250,0,250,1
2021-11-07T16:00:00Z,348,0,348,1
2021-11-07T17:00:00Z,180,0,180,1
2021-11-07T18:00:00Z,128,0,128,1
2021-11-07T19:00:00Z,128,0,128,1
2021-11-07T20:00:00Z,131,0,131,1
2021-11-07T21:00:00Z,848,0,848,1
2021-11-07T22:00:00Z,694,0,694,0
2021-11-07T23:00:00Z,134,0,134,0
2021-11-08T00:00:00Z,293,0,293,0
2021-11-08T01:00:00Z,283,0,283,0
2021-11-08T02:00:00Z,1564,0,1564,0
2021-11-08T03:00:00Z,487,0,487,0
2021-11-08T04:00:00Z,498,0,498,0
2021-11-08T05:00:00Z,1076,0,1076,0
2021-11-08T06:00:00Z,1234,0,1234,1
2021-11-08T07:00:00Z,2384,0,2384,1
2021-11-08T08:00:00Z,1858,0,1858,1
2021-11-08T09:00:00Z,329,0,329,1
2021-11-08T10:00:00Z,261,0,261,1
2021-11-08T11:00:00Z,237,0,237,1
2021-11-08T12:00:00Z,339,0,339,1
2021-11-08T13:00:00Z,250,0,250,1
2021-11-08T14:00:00Z,233,0,233,1
2021-11-08T15:00:00Z,230,0,230,1
2021-11-08T16:00:00Z,386,0,386,1
2021-11-08T17:00:00Z,169,0,169,1
2021-11-08T18:00:00Z,117,0,117,1
2021-11-08T19:00:00Z,115,0,115,1
2021-11-08T20:00:00Z,316,0,316,1
2021-11-08T21:00:00Z,703,0,703,1
2021-11-08T22:00:00Z,716,0,716,0
2021-11-08T23:00:00Z,153,0,153,0
2021-11-09T00:00:00Z,273,0,273,0
2021-11-09T01:00:00Z,0,445,445,0
2021-11-09T02:00:00Z,0,137,137,0
2021-11-09T03:00:00Z,0,124,124,0
2021-11-09T04:00:00Z,0,109,109,0
2021-11-09T05:00:00Z,0,101,101,0
2021-11-09T06:00:00Z,0,123,123,1
2021-11-09T07:00:00Z,0,120,120,1
2021-11-09T08:00:00Z,0,107,107,1
2021-11-09T09:00:00Z,0,123,123,1
2021-11-09T10:00:00Z,0,152,152,1
2021-11-09T11:00:00Z,0,582,582,1
2021-11-09T12:00:00Z,0,2470,2470,1
2021-11-09T13:00:00Z,0,1148,1148,1
2021-11-09T14:00:00Z,0,248,248,1
2021-11-09T15:00:00Z,0,240,240,1
2021-11-09T16:00:00Z,0,377,377,1
2021-11-09T17:00:00Z,175,0,175,1
2021-11-09T18:00:00Z,116,0,116,1
2021-11-09T19:00:00Z,120,0,120,1
2021-11-09T20:00:00Z,128,0,128,1
2021-11-09T21:00:00Z,885,0,885,1
2021-11-09T22:00:00Z,719,0,719,0
2021-11-09T23:00:00Z,149,0,149,0
2021-11-10T00:00:00Z,343,0,343,0
2021-11-10T01:00:00Z,0,232,232,0
2021-11-10T02:00:00Z,0,123,123,0
2021-11-10T03:00:00Z,0,124,124,0
2021-11-10T04:00:00Z,0,102,102,0
2021-11-10T05:00:00Z,0,109,109,0
2021-11-10T06:00:00Z,0,123,123,1
2021-11-10T07:00:00Z,0,117,117,1
2021-11-10T08:00:00Z,0,112,112,1
2021-11-10T09:00:00Z,0,121,121,1
2021-11-10T10:00:00Z,0,157,157,1
2021-11-10T11:00:00Z,0,652,652,1
2021-11-10T12:00:00Z,0,782,782,1
2021-11-10T13:00:00Z,0,254,254,1
2021-11-10T14:00:00Z,0,232,232,1
2021-11-10T15:00:00Z,0,473,473,1
2021-11-10T16:00:00Z,0,317,317,1
2021-11-10T17:00:00Z,176,0,176,1
2021-11-10T18:00:00Z,117,0,117,1
2021-11-10T19:00:00Z,125,0,125,1
2021-11-10T20:00:00Z,127,0,127,1
2021-11-10T21:00:00Z,891,0,891,1
2021-11-10T22:00:00Z,701,0,701,0
2021-11-10T23:00:00Z,153,0,153,0
2021-11-11T00:00:00Z,183,0,183,0
2021-11-11T01:00:00Z,0,357,357,0
2021-11-11T02:00:00Z,0,196,196,0
2021-11-11T03:00:00Z,0,180,180,0
2021-11-11T04:00:00Z,0,154,154,0
2021-11-11T05:00:00Z,0,290,290,0
2021-11-11T06:00:00Z,0,148,148,1
2021-11-11T07:00:00Z,0,155,155,1
2021-11-11T08:00:00Z,0,143,143,1
2021-11-11T09:00:00Z,0,206,206,1
2021-11-11T10:00:00Z,0,225,225,1
2021-11-11T11:00:00Z,0,340,340,1
2021-11-11T12:00:00Z,0,538,538,1
2021-11-11T13:00:00Z,0,280,280,1
2021-11-11T14:00:00Z,0,249,249,1
2021-11-11T15:00:00Z,0,237,237,1
2021-11-11T16:00:00Z,0,250,250,1
2021-11-11T17:00:00Z,212,0,212,1
2021-11-11T18:00:00Z,182,0,182,1
2021-11-11T19:00:00Z,179,0,179,1
2021-11-11T20:00:00Z,183,0,183,1
2021-11-11T21:00:00Z,164,0,164,1
2021-11-11T22:00:00Z,163,0,163,0
2021-11-11T23:00:00Z,223,0,223,0
2021-11-12T00:00:00Z,412,0,412,0
2021-11-12T01:00:00Z,3,1139,1142,0
2021-11-12T02:00:00Z,0,815,815,0
2021-11-12T03:00:00Z,0,160,160,0
2021-11-12T04:00:00Z,0,180,180,0
2021-11-12T05:00:00Z,0,155,155,0
2021-11-12T06:00:00Z,0,218,218,1
2021-11-12T07:00:00Z,0,147,147,1
2021-11-12T08:00:00Z,0,152,152,1
2021-11-12T09:00:00Z,0,162,162,1
2021-11-12T10:00:00Z,0,175,175,1
2021-11-12T11:00:00Z,0,141,141,1
2021-11-12T12:00:00Z,0,471,471,1
2021-11-12T13:00:00Z,0,708,708,1
2021-11-12T14:00:00Z,0,313,313,1
2021-11-12T15:00:00Z,0,251,251,1
2021-11-12T16:00:00Z,0,267,267,1
2021-11-12T17:00:00Z,155,0,155,1
2021-11-12T18:00:00Z,116,0,116,1
2021-11-12T19:00:00Z,127,0,127,1
2021-11-12T20:00:00Z,129,0,129,1
2021-11-12T21:00:00Z,907,0,907,1
2021-11-12T22:00:00Z,750,0,750,0
2021-11-12T23:00:00Z,145,0,145,0
2021-11-13T00:00:00Z,156,0,156,0
2021-11-13T01:00:00Z,0,355,355,0
2021-11-13T02:00:00Z,0,767,767,0
2021-11-13T03:00:00Z,0,291,291,0
2021-11-13T04:00:00Z,0,248,248,0
2021-11-13T05:00:00Z,0,125,125,0
2021-11-13T06:00:00Z,0,1891,1891,1
2021-11-13T07:00:00Z,0,687,687,1
2021-11-13T08:00:00Z,0,231,231,1
2021-11-13T09:00:00Z,0,279,279,1
2021-11-13T10:00:00Z,0,269,269,1
2021-11-13T11:00:00Z,0,1082,1082,1
2021-11-13T12:00:00Z,0,979,979,1
2021-11-13T13:00:00Z,0,245,245,1
2021-11-13T14:00:00Z,0,573,573,1
2021-11-13T15:00:00Z,0,233,233,1
2021-11-13T16:00:00Z,0,248,248,1
2021-11-13T17:00:00Z,343,1,344,1
2021-11-13T18:00:00Z,135,0,135,1
2021-11-13T19:00:00Z,111,0,111,1
2021-11-13T20:00:00Z,116,0,116,1
2021-11-13T21:00:00Z,773,0,773,1
2021-11-13T22:00:00Z,824,0,824,0
2021-11-13T23:00:00Z,267,0,267,0
2021-11-14T00:00:00Z,137,0,137,0
2021-11-14T01:00:00Z,329,0,329,0
2021-11-14T02:00:00Z,299,0,299,0
2021-11-14T03:00:00Z,502,0,502,0
2021-11-14T04:00:00Z,719,0,719,0
2021-11-14T05:00:00Z,435,0,435,0
2021-11-14T06:00:00Z,510,0,510,1
2021-11-14T07:00:00Z,1205,0,1205,1
2021-11-14T08:00:00Z,160,0,160,1
2021-11-14T09:00:00Z,2746,0,2746,1
2021-11-14T10:00:00Z,724,0,724,1
2021-11-14T11:00:00Z,7058,0,7058,1
2021-11-15T02:00:00Z,305,0,305,0
2021-11-15T03:00:00Z,1011,0,1011,0
2021-11-15T04:00:00Z,470,0,470,0
2021-11-15T05:00:00Z,690,0,690,0
2021-11-15T06:00:00Z,857,0,857,1
2021-11-15T07:00:00Z,3291,0,3291,1
2021-11-15T08:00:00Z,2237,0,2237,1
2021-11-15T09:00:00Z,844,0,844,1
2021-11-15T10:00:00Z,376,0,376,1
2021-11-15T11:00:00Z,268,0,268,1
2021-11-15T12:00:00Z,607,0,607,1
2021-11-15T13:00:00Z,660,0,660,1
2021-11-15T14:00:00Z,435,0,435,1
2021-11-15T15:00:00Z,483,0,483,1
2021-11-15T16:00:00Z,985,0,985,1
2021-11-15T17:00:00Z,136,0,136,1
2021-11-15T18:00:00Z,120,0,120,1
2021-11-15T19:00:00Z,113,0,113,1
2021-11-15T20:00:00Z,714,0,714,1
2021-11-15T21:00:00Z,601,0,601,1
2021-11-15T22:00:00Z,476,0,476,0
2021-11-15T23:00:00Z,175,0,175,0
2021-11-16T00:00:00Z,189,0,189,0
2021-11-16T01:00:00Z,1,386,387,0
2021-11-16T02:00:00Z,0,280,280,0
2021-11-16T03:00:00Z,0,264,264,0
2021-11-16T04:00:00Z,0,274,274,0
2021-11-16T05:00:00Z,0,273,273,0
2021-11-16T06:00:00Z,0,273,273,1
2021-11-16T07:00:00Z,0,255,255,1
2021-11-16T08:00:00Z,0,281,281,1
2021-11-16T09:00:00Z,0,258,258,1
2021-11-16T10:00:00Z,0,229,229,1
2021-11-16T11:00:00Z,0,751,751,1
2021-11-16T12:00:00Z,0,545,545,1
2021-11-16T13:00:00Z,0,325,325,1
2021-11-16T14:00:00Z,0,303,303,1
2021-11-16T15:00:00Z,0,288,288,1
2021-11-16T16:00:00Z,0,226,226,1
2021-11-16T17:00:00Z,131,1,132,1
2021-11-16T18:00:00Z,128,0,128,1
2021-11-16T19:00:00Z,126,0,126,1
2021-11-16T20:00:00Z,119,0,119,1
2021-11-16T21:00:00Z,102,0,102,1
2021-11-16T22:00:00Z,150,0,150,0
2021-11-16T23:00:00Z,163,0,163,0
2021-11-17T00:00:00Z,442,0,442,0
2021-11-17T01:00:00Z,5,926,931,0
2021-11-17T02:00:00Z,0,754,754,0
2021-11-17T03:00:00Z,0,121,121,0
2021-11-17T04:00:00Z,0,121,121,0
2021-11-17T05:00:00Z,0,92,92,0
2021-11-17T06:00:00Z,0,201,201,1
2021-11-17T07:00:00Z,0,280,280,1
2021-11-17T08:00:00Z,0,274,274,1
2021-11-17T09:00:00Z,0,287,287,1
2021-11-17T10:00:00Z,0,323,323,1
2021-11-17T11:00:00Z,0,409,409,1
2021-11-17T12:00:00Z,0,888,888,1
2021-11-17T13:00:00Z,0,265,265,1
2021-11-17T14:00:00Z,0,243,243,1
2021-11-17T15:00:00Z,0,234,234,1
2021-11-17T16:00:00Z,0,240,240,1
2021-11-17T17:00:00Z,165,1,166,1
2021-11-17T18:00:00Z,138,0,138,1
2021-11-17T19:00:00Z,112,0,112,1
2021-11-17T20:00:00Z,114,0,114,1
2021-11-17T21:00:00Z,897,0,897,1
2021-11-17T22:00:00Z,729,0,729,0
2021-11-17T23:00:00Z,158,0,158,0
2021-11-18T00:00:00Z,138,0,138,0
2021-11-18T01:00:00Z,0,284,284,0
2021-11-18T02:00:00Z,0,464,464,0
2021-11-18T03:00:00Z,0,265,265,0
2021-11-18T04:00:00Z,0,237,237,0
2021-11-18T05:00:00Z,0,254,254,0
2021-11-18T06:00:00Z,0,116,116,1
2021-11-18T07:00:00Z,0,120,120,1
2021-11-18T08:00:00Z,0,948,948,1
2021-11-18T09:00:00Z,0,508,508,1
2021-11-18T10:00:00Z,0,181,181,1
2021-11-18T11:00:00Z,0,430,430,1
2021-11-18T12:00:00Z,0,272,272,1
2021-11-18T13:00:00Z,0,242,242,1
2021-11-18T14:00:00Z,0,275,275,1
2021-11-18T15:00:00Z,0,251,251,1
2021-11-18T16:00:00Z,0,225,225,1
2021-11-18T17:00:00Z,126,1,127,1
2021-11-18T18:00:00Z,109,0,109,1
2021-11-18T19:00:00Z,125,0,125,1
2021-11-18T20:00:00Z,673,0,673,1
2021-11-18T21:00:00Z,813,0,813,1
2021-11-18T22:00:00Z,209,0,209,0
2021-11-18T23:00:00Z,155,0,155,0
2021-11-19T00:00:00Z,142,0,142,0
2021-11-19T01:00:00Z,0,242,242,0
2021-11-19T02:00:00Z,0,126,126,0
2021-11-19T03:00:00Z,0,104,104,0
2021-11-19T04:00:00Z,0,118,118,0
2021-11-19T05:00:00Z,0,118,118,0
2021-11-19T06:00:00Z,0,120,120,1
2021-11-19T07:00:00Z,0,92,92,1
2021-11-19T08:00:00Z,0,123,123,1
2021-11-19T09:00:00Z,0,153,153,1
2021-11-19T10:00:00Z,0,140,140,1
2021-11-19T11:00:00Z,0,233,233,1
2021-11-19T12:00:00Z,0,451,451,1
2021-11-19T13:00:00Z,0,246,246,1
2021-11-19T14:00:00Z,0,238,238,1
2021-11-19T15:00:00Z,0,260,260,1
2021-11-19T16:00:00Z,0,219,219,1
2021-11-19T17:00:00Z,134,0,134,1
2021-11-19T18:00:00Z,109,0,109,1
2021-11-19T19:00:00Z,120,0,120,1
2021-11-19T20:00:00Z,638,0,638,1
2021-11-19T21:00:00Z,442,0,442,1
2021-11-19T22:00:00Z,556,0,556,0
2021-11-19T23:00:00Z,150,0,150,0
2021-11-20T00:00:00Z,170,0,170,0
2021-11-20T01:00:00Z,1,233,234,0
2021-11-20T02:00:00Z,0,118,118,0
2021-11-20T03:00:00Z,0,122,122,0
2021-11-20T04:00:00Z,0,108,108,0
2021-11-20T05:00:00Z,0,102,102,0
2021-11-20T06:00:00Z,0,118,118,1
2021-11-20T07:00:00Z,0,122,122,1
2021-11-20T08:00:00Z,0,179,179,1
2021-11-20T09:00:00Z,0,249,249,1
2021-11-20T10:00:00Z,0,299,299,1
2021-11-20T11:00:00Z,0,238,238,1
2021-11-20T12:00:00Z,0,225,225,1
2021-11-20T13:00:00Z,0,231,231,1
2021-11-20T14:00:00Z,0,239,239,1
2021-11-20T15:00:00Z,0,232,232,1
2021-11-20T16:00:00Z,0,239,239,1
2021-11-20T17:00:00Z,195,1,196,1
2021-11-20T18:00:00Z,134,0,134,1
2021-11-20T19:00:00Z,126,0,126,1
2021-11-20T20:00:00Z,124,0,124,1
2021-11-20T21:00:00Z,638,0,638,1
2021-11-20T22:00:00Z,770,0,770,0
2021-11-20T23:00:00Z,271,0,271,0
2021-11-21T00:00:00Z,147,0,147,0
2021-11-21T01:00:00Z,274,0,274,0
2021-11-21T02:00:00Z,418,0,418,0
2021-11-21T03:00:00Z,324,0,324,0
2021-11-21T04:00:00Z,550,0,550,0
2021-11-21T05:00:00Z,530,0,530,0
2021-11-21T06:00:00Z,275,0,275,1
2021-11-21T07:00:00Z,737,0,737,1
2021-11-21T08:00:00Z,245,0,245,1
2021-11-21T09:00:00Z,285,0,285,1
2021-11-21T10:00:00Z,165,0,165,1
2021-11-21T11:00:00Z,301,0,301,1
2021-11-21T12:00:00Z,1870,0,1870,1
2021-11-21T13:00:00Z,857,0,857,1
2021-11-21T14:00:00Z,239,0,239,1
2021-11-21T15:00:00Z,223,0,223,1
2021-11-21T16:00:00Z,226,0,226,1
2021-11-21T17:00:00Z,305,0,305,1
2021-11-21T18:00:00Z,145,0,145,1
2021-11-21T19:00:00Z,131,0,131,1
2021-11-21T20:00:00Z,133,0,133,1
2021-11-21T21:00:00Z,665,0,665,1
2021-11-21T22:00:00Z,588,0,588,0
2021-11-21T23:00:00Z,456,0,456,0
2021-11-22T00:00:00Z,156,0,156,0
2021-11-22T01:00:00Z,191,0,191,0
2021-11-22T02:00:00Z,291,0,291,0
2021-11-22T03:00:00Z,1731,0,1731,0
2021-11-22T04:00:00Z,136,0,136,0
2021-11-22T05:00:00Z,941,0,941,0
2021-11-22T06:00:00Z,395,0,395,1
2021-11-22T07:00:00Z,374,0,374,1
2021-11-22T08:00:00Z,286,0,286,1
2021-11-22T09:00:00Z,246,0,246,1
2021-11-22T10:00:00Z,226,0,226,1
2021-11-22T11:00:00Z,2537,0,2537,1
2021-11-22T12:00:00Z,476,0,476,1
2021-11-22T13:00:00Z,291,0,291,1
2021-11-22T14:00:00Z,248,0,248,1
2021-11-22T15:00:00Z,233,0,233,1
2021-11-22T16:00:00Z,735,0,735,1
2021-11-22T17:00:00Z,151,0,151,1
2021-11-22T18:00:00Z,110,0,110,1
2021-11-22T19:00:00Z,124,0,124,1
2021-11-22T20:00:00Z,545,0,545,1
2021-11-22T21:00:00Z,456,0,456,1
2021-11-22T22:00:00Z,657,0,657,0
2021-11-22T23:00:00Z,171,0,171,0
2021-11-23T00:00:00Z,258,0,258,0
2021-11-23T01:00:00Z,0,1376,1376,0
2021-11-23T02:00:00Z,0,277,277,0
2021-11-23T03:00:00Z,0,289,289,0
2021-11-23T04:00:00Z,0,357,357,0
2021-11-23T05:00:00Z,0,344,344,0
2021-11-23T06:00:00Z,0,309,309,1
2021-11-23T07:00:00Z,0,290,290,1
2021-11-23T08:00:00Z,0,270,270,1
2021-11-23T09:00:00Z,0,258,258,1
2021-11-23T10:00:00Z,0,291,291,1
2021-11-23T11:00:00Z,0,330,330,1
2021-11-23T12:00:00Z,0,1059,1059,1
2021-11-23T13:00:00Z,0,257,257,1
2021-11-23T14:00:00Z,0,243,243,1
2021-11-23T15:00:00Z,0,371,371,1
2021-11-23T16:00:00Z,0,424,424,1
2021-11-23T17:00:00Z,159,1,160,1
2021-11-23T18:00:00Z,138,0,138,1
2021-11-23T19:00:00Z,103,0,103,1
2021-11-23T20:00:00Z,192,0,192,1
2021-11-23T21:00:00Z,865,0,865,1
2021-11-23T22:00:00Z,710,0,710,0
2021-11-23T23:00:00Z,164,0,164,0
2021-11-24T00:00:00Z,332,0,332,0
2021-11-24T01:00:00Z,1,252,253,0
2021-11-24T02:00:00Z,0,109,109,0
2021-11-24T03:00:00Z,0,113,113,0
2021-11-24T04:00:00Z,0,122,122,0
2021-11-24T05:00:00Z,0,104,104,0
2021-11-24T06:00:00Z,0,114,114,1
2021-11-24T07:00:00Z,0,120,120,1
2021-11-24T08:00:00Z,0,99,99,1
2021-11-24T09:00:00Z,0,146,146,1
2021-11-24T10:00:00Z,0,155,155,1
2021-11-24T11:00:00Z,0,772,772,1
2021-11-24T12:00:00Z,0,380,380,1
2021-11-24T13:00:00Z,0,237,237,1
2021-11-24T14:00:00Z,0,244,244,1
2021-11-24T15:00:00Z,0,229,229,1
2021-11-24T16:00:00Z,0,237,237,1
2021-11-24T17:00:00Z,161,0,161,1
2021-11-24T18:00:00Z,131,0,131,1
2021-11-24T19:00:00Z,122,0,122,1
2021-11-24T20:00:00Z,292,0,292,1
2021-11-24T21:00:00Z,706,0,706,1
2021-11-24T22:00:00Z,706,0,706,0
2021-11-24T23:00:00Z,169,0,169,0
2021-11-25T00:00:00Z,243,0,243,0
2021-11-25T01:00:00Z,0,398,398,0
2021-11-25T02:00:00Z,0,274,274,0
2021-11-25T03:00:00Z,0,266,266,0
2021-11-25T04:00:00Z,0,270,270,0
2021-11-25T05:00:00Z,0,280,280,0
2021-11-25T06:00:00Z,0,269,269,1
2021-11-25T07:00:00Z,0,252,252,1
2021-11-25T08:00:00Z,0,243,243,1
2021-11-25T09:00:00Z,0,266,266,1
2021-11-25T10:00:00Z,0,308,308,1
2021-11-25T11:00:00Z,0,394,394,1
2021-11-25T12:00:00Z,0,1182,1182,1
2021-11-25T13:00:00Z,0,353,353,1
2021-11-25T14:00:00Z,0,246,246,1
2021-11-25T15:00:00Z,0,327,327,1
2021-11-25T16:00:00Z,0,306,306,1
2021-11-25T17:00:00Z,141,0,141,1
2021-11-25T18:00:00Z,114,0,114,1
2021-11-25T19:00:00Z,125,0,125,1
2021-11-25T20:00:00Z,538,0,538,1
2021-11-25T21:00:00Z,516,0,516,1
2021-11-25T22:00:00Z,693,0,693,0
2021-11-25T23:00:00Z,174,0,174,0
2021-11-26T00:00:00Z,243,0,243,0
2021-11-26T01:00:00Z,0,416,416,0
2021-11-26T02:00:00Z,0,297,297,0
2021-11-26T03:00:00Z,0,263,263,0
2021-11-26T04:00:00Z,0,280,280,0
2021-11-26T05:00:00Z,0,345,345,0
2021-11-26T06:00:00Z,0,590,590,1
2021-11-26T07:00:00Z,0,721,721,1
2021-11-26T08:00:00Z,0,769,769,1
2021-11-26T10:00:00Z,0,218,218,1
2021-11-26T11:00:00Z,0,275,275,1
2021-11-26T12:00:00Z,0,2182,2182,1
2021-11-26T13:00:00Z,0,987,987,1
2021-11-26T14:00:00Z,0,265,265,1
2021-11-26T15:00:00Z,0,245,245,1
2021-11-26T16:00:00Z,0,216,216,1
2021-11-26T17:00:00Z,184,0,184,1
2021-11-26T18:00:00Z,114,0,114,1
2021-11-26T19:00:00Z,116,0,116,1
2021-11-26T20:00:00Z,124,0,124,1
2021-11-26T21:00:00Z,895,0,895,1
2021-11-26T22:00:00Z,732,0,732,0
2021-11-26T23:00:00Z,151,0,151,0
2021-11-27T00:00:00Z,160,0,160,0
2021-11-27T01:00:00Z,1,353,354,0
2021-11-27T02:00:00Z,0,348,348,0
2021-11-27T03:00:00Z,0,338,338,0
2021-11-27T04:00:00Z,0,352,352,0
2021-11-27T05:00:00Z,0,329,329,0
2021-11-27T06:00:00Z,0,324,324,1
2021-11-27T07:00:00Z,0,270,270,1
2021-11-27T08:00:00Z,0,252,252,1
2021-11-27T09:00:00Z,0,243,243,1
2021-11-27T10:00:00Z,0,279,279,1
2021-11-27T11:00:00Z,0,428,428,1
2021-11-27T12:00:00Z,0,537,537,1
2021-11-27T13:00:00Z,0,267,267,1
2021-11-27T14:00:00Z,0,232,232,1
2021-11-27T15:00:00Z,0,239,239,1
2021-11-27T16:00:00Z,0,354,354,1
2021-11-27T17:00:00Z,145,0,145,1
2021-11-27T18:00:00Z,120,0,120,1
2021-11-27T19:00:00Z,129,0,129,1
2021-11-27T20:00:00Z,563,0,563,1
2021-11-27T21:00:00Z,407,0,407,1
2021-11-27T22:00:00Z,677,0,677,0
2021-11-27T23:00:00Z,157,0,157,0
2021-11-28T00:00:00Z,152,0,152,0
2021-11-28T01:00:00Z,250,0,250,0
2021-11-28T02:00:00Z,805,0,805,0
2021-11-28T03:00:00Z,1824,0,1824,0
2021-11-28T04:00:00Z,1345,0,1345,0
2021-11-28T05:00:00Z,877,0,877,0
2021-11-28T06:00:00Z,1031,0,1031,1
2021-11-28T07:00:00Z,320,0,320,1
2021-11-28T08:00:00Z,2066,0,2066,1
2021-11-28T09:00:00Z,1013,0,1013,1
2021-11-28T10:00:00Z,284,0,284,1
2021-11-28T11:00:00Z,359,0,359,1
2021-11-28T12:00:00Z,2451,0,2451,1
2021-11-28T13:00:00Z,263,0,263,1
2021-11-28T14:00:00Z,238,0,238,1
2021-11-28T15:00:00Z,220,0,220,1
2021-11-28T16:00:00Z,547,0,547,1
2021-11-28T17:00:00Z,162,0,162,1
2021-11-28T18:00:00Z,117,0,117,1
2021-11-28T19:00:00Z,129,0,129,1
2021-11-28T20:00:00Z,120,0,120,1
2021-11-28T21:00:00Z,927,0,927,1
2021-11-28T22:00:00Z,760,0,760,0
2021-11-28T23:00:00Z,146,0,146,0
2021-11-29T00:00:00Z,158,0,158,0
2021-11-29T01:00:00Z,142,0,142,0
2021-11-29T02:00:00Z,663,0,663,0
2021-11-29T03:00:00Z,839,0,839,0
2021-11-29T04:00:00Z,264,0,264,0
2021-11-29T05:00:00Z,280,0,280,0
2021-11-29T06:00:00Z,350,0,350,1
2021-11-29T07:00:00Z,155,0,155,1
2021-11-29T08:00:00Z,142,0,142,1
2021-11-29T09:00:00Z,238,0,238,1
2021-11-29T10:00:00Z,241,0,241,1
2021-11-29T11:00:00Z,303,0,303,1
2021-11-29T12:00:00Z,290,0,290,1
2021-11-29T13:00:00Z,257,0,257,1
2021-11-29T14:00:00Z,233,0,233,1
2021-11-29T15:00:00Z,222,0,222,1
2021-11-29T16:00:00Z,235,0,235,1
2021-11-29T17:00:00Z,142,0,142,1
2021-11-29T18:00:00Z,134,0,134,1
2021-11-29T19:00:00Z,99,0,99,1
2021-11-29T20:00:00Z,629,0,629,1
2021-11-29T21:00:00Z,424,0,424,1
2021-11-29T22:00:00Z,731,0,731,0
2021-11-29T23:00:00Z,141,0,141,0
2021-11-30T00:00:00Z,183,0,183,0
2021-11-30T01:00:00Z,0,499,499,0
2021-11-30T02:00:00Z,0,312,312,0
2021-11-30T03:00:00Z,0,251,251,0
2021-11-30T04:00:00Z,0,350,350,0
2021-11-30T05:00:00Z,0,211,211,0
2021-11-30T06:00:00Z,0,161,161,1
2021-11-30T07:00:00Z,0,172,172,1
2021-11-30T08:00:00Z,0,190,190,1
2021-11-30T09:00:00Z,0,271,271,1
2021-11-30T10:00:00Z,0,884,884,1
2021-11-30T11:00:00Z,0,345,345,1
2021-11-30T12:00:00Z,0,511,511,1
2021-11-30T13:00:00Z,0,345,345,1
2021-11-30T14:00:00Z,0,2591,2591,1
2021-11-30T15:00:00Z,0,487,487,1
2021-11-30T16:00:00Z,0,361,361,1
2021-11-30T17:00:00Z,162,0,162,1
2021-11-30T18:00:00Z,133,0,133,1
2021-11-30T19:00:00Z,118,0,118,1
2021-11-30T20:00:00Z,118,0,118,1
2021-11-30T21:00:00Z,905,0,905,1
2021-11-30T22:00:00Z,762,0,762,0
2021-11-30T23:00:00Z,162,0,162,0
2021-12-01T00:00:00Z,307,0,307,0
2021-12-01T01:00:00Z,0,306,306,0
2021-12-01T02:00:00Z,0,263,263,0
2021-12-01T03:00:00Z,0,470,470,0
2021-12-01T04:00:00Z,0,540,540,0
2021-12-01T05:00:00Z,0,749,749,0
2021-12-01T06:00:00Z,0,151,151,1
2021-12-01T07:00:00Z,0,147,147,1
2021-12-01T08:00:00Z,0,139,139,1
2021-12-01T09:00:00Z,0,141,141,1
2021-12-01T10:00:00Z,0,134,134,1
2021-12-01T11:00:00Z,0,574,574,1
2021-12-01T12:00:00Z,0,817,817,1
2021-12-01T13:00:00Z,0,258,258,1
2021-12-01T14:00:00Z,0,251,251,1
2021-12-01T15:00:00Z,0,251,251,1
2021-12-01T16:00:00Z,0,254,254,1
2021-12-01T17:00:00Z,195,1,196,1
2021-12-01T18:00:00Z,125,0,125,1
2021-12-01T19:00:00Z,121,0,121,1
2021-12-01T20:00:00Z,148,0,148,1
2021-12-01T21:00:00Z,898,0,898,1
2021-12-01T22:00:00Z,739,0,739,0
2021-12-01T23:00:00Z,162,0,162,0
2021-12-02T00:00:00Z,150,0,150,0
2021-12-02T01:00:00Z,1,417,418,0
2021-12-02T02:00:00Z,0,624,624,0
2021-12-02T03:00:00Z,0,348,348,0
2021-12-02T04:00:00Z,0,272,272,0
2021-12-02T05:00:00Z,0,304,304,0
2021-12-02T06:00:00Z,0,165,165,1
2021-12-02T07:00:00Z,0,147,147,1
2021-12-02T08:00:00Z,0,196,196,1
2021-12-02T09:00:00Z,0,263,263,1
2021-12-02T10:00:00Z,0,323,323,1
2021-12-02T11:00:00Z,0,299,299,1
2021-12-02T12:00:00Z,0,1540,1540,1
2021-12-02T13:00:00Z,0,555,555,1
2021-12-02T14:00:00Z,0,260,260,1
2021-12-02T15:00:00Z,0,246,246,1
2021-12-02T16:00:00Z,0,307,307,1
2021-12-02T17:00:00Z,169,1,170,1
2021-12-02T18:00:00Z,132,0,132,1
2021-12-02T19:00:00Z,128,0,128,1
2021-12-02T20:00:00Z,353,0,353,1
2021-12-02T21:00:00Z,652,0,652,1
2021-12-02T22:00:00Z,724,0,724,0
2021-12-02T23:00:00Z,174,0,174,0
2021-12-03T00:00:00Z,215,0,215,0
2021-12-03T01:00:00Z,1,429,430,0
2021-12-03T02:00:00Z,0,328,328,0
2021-12-03T03:00:00Z,0,263,263,0
2021-12-03T04:00:00Z,0,307,307,0
2021-12-03T05:00:00Z,0,283,283,0
2021-12-03T06:00:00Z,0,278,278,1
2021-12-03T07:00:00Z,0,299,299,1
2021-12-03T08:00:00Z,0,259,259,1
2021-12-03T09:00:00Z,0,263,263,1
2021-12-03T10:00:00Z,0,276,276,1
2021-12-03T11:00:00Z,0,388,388,1
2021-12-03T12:00:00Z,0,1426,1426,1
2021-12-03T13:00:00Z,0,605,605,1
2021-12-03T14:00:00Z,0,386,386,1
2021-12-03T15:00:00Z,0,245,245,1
2021-12-03T16:00:00Z,0,278,278,1
2021-12-03T17:00:00Z,165,1,166,1
2021-12-03T18:00:00Z,137,0,137,1
2021-12-03T19:00:00Z,106,0,106,1
2021-12-03T20:00:00Z,319,0,319,1
2021-12-03T21:00:00Z,748,0,748,1
2021-12-03T22:00:00Z,748,0,748,0
2021-12-03T23:00:00Z,157,0,157,0
2021-12-04T00:00:00Z,170,0,170,0
2021-12-04T01:00:00Z,0,414,414,0
2021-12-04T02:00:00Z,0,360,360,0
2021-12-04T03:00:00Z,0,293,293,0
2021-12-04T04:00:00Z,0,183,183,0
2021-12-04T05:00:00Z,0,270,270,0
2021-12-04T06:00:00Z,0,242,242,1
2021-12-04T07:00:00Z,0,213,213,1
2021-12-04T08:00:00Z,0,248,248,1
2021-12-04T09:00:00Z,0,250,250,1
2021-12-04T10:00:00Z,0,316,316,1
2021-12-04T11:00:00Z,0,625,625,1
2021-12-04T12:00:00Z,0,1272,1272,1
2021-12-04T13:00:00Z,0,368,368,1
2021-12-04T14:00:00Z,0,275,275,1
2021-12-04T15:00:00Z,0,270,270,1
2021-12-04T16:00:00Z,0,250,250,1
2021-12-04T17:00:00Z,190,1,191,1
2021-12-04T18:00:00Z,123,0,123,1
2021-12-04T19:00:00Z,109,0,109,1
2021-12-04T20:00:00Z,129,0,129,1
2021-12-04T21:00:00Z,919,0,919,1
2021-12-04T22:00:00Z,780,0,780,0
2021-12-04T23:00:00Z,141,0,141,0
2021-12-05T00:00:00Z,133,0,133,0
2021-12-05T01:00:00Z,360,0,360,0
2021-12-05T02:00:00Z,450,0,450,0
2021-12-05T03:00:00Z,823,0,823,0
2021-12-05T04:00:00Z,165,0,165,0
2021-12-05T05:00:00Z,501,0,501,0
2021-12-05T06:00:00Z,309,0,309,1
2021-12-05T07:00:00Z,813,0,813,1
2021-12-05T08:00:00Z,2383,0,2383,1
2021-12-05T09:00:00Z,1525,0,1525,1
2021-12-05T10:00:00Z,304,0,304,1
2021-12-05T11:00:00Z,123,0,123,1
2021-12-05T12:00:00Z,127,0,127,1
2021-12-05T13:00:00Z,140,0,140,1
2021-12-05T14:00:00Z,129,0,129,1
2021-12-05T15:00:00Z,127,0,127,1
2021-12-05T16:00:00Z,117,0,117,1
2021-12-05T17:00:00Z,282,0,282,1
2021-12-05T18:00:00Z,153,0,153,1
2021-12-05T19:00:00Z,135,0,135,1
2021-12-05T20:00:00Z,124,0,124,1
2021-12-05T21:00:00Z,228,0,228,1
2021-12-05T22:00:00Z,777,0,777,0
2021-12-05T23:00:00Z,726,0,726,0
2021-12-06T00:00:00Z,162,0,162,0
2021-12-06T01:00:00Z,313,0,313,0
2021-12-06T02:00:00Z,286,0,286,0
2021-12-06T03:00:00Z,262,0,262,0
2021-12-06T04:00:00Z,1051,0,1051,0
2021-12-06T05:00:00Z,624,0,624,0
2021-12-06T06:00:00Z,392,0,392,1
2021-12-06T07:00:00Z,327,0,327,1
2021-12-06T08:00:00Z,2989,0,2989,1
2021-12-06T09:00:00Z,1010,0,1010,1
2021-12-06T10:00:00Z,517,0,517,1
2021-12-06T11:00:00Z,304,0,304,1
2021-12-06T12:00:00Z,2969,0,2969,1
2021-12-06T13:00:00Z,634,0,634,1
2021-12-06T14:00:00Z,254,0,254,1
2021-12-06T15:00:00Z,282,0,282,1
2021-12-06T16:00:00Z,275,0,275,1
2021-12-06T17:00:00Z,154,0,154,1
2021-12-06T18:00:00Z,124,0,124,1
2021-12-06T19:00:00Z,134,0,134,1
2021-12-06T20:00:00Z,349,0,349,1
2021-12-06T21:00:00Z,708,0,708,1
2021-12-06T22:00:00Z,751,0,751,0
2021-12-06T23:00:00Z,162,0,162,0
2021-12-07T00:00:00Z,222,0,222,0
2021-12-07T01:00:00Z,0,1081,1081,0
2021-12-07T02:00:00Z,0,413,413,0
2021-12-07T03:00:00Z,0,338,338,0
2021-12-07T04:00:00Z,0,262,262,0
2021-12-07T05:00:00Z,0,1486,1486,0
2021-12-07T06:00:00Z,0,301,301,1
2021-12-07T07:00:00Z,0,280,280,1
2021-12-07T08:00:00Z,0,268,268,1
2021-12-07T09:00:00Z,0,262,262,1
2021-12-07T10:00:00Z,0,364,364,1
2021-12-07T11:00:00Z,0,1046,1046,1
2021-12-07T12:00:00Z,0,1098,1098,1
2021-12-07T13:00:00Z,0,277,277,1
2021-12-07T14:00:00Z,0,241,241,1
2021-12-07T15:00:00Z,0,258,258,1
2021-12-07T16:00:00Z,0,349,349,1
2021-12-07T17:00:00Z,177,1,178,1
2021-12-07T18:00:00Z,121,0,121,1
2021-12-07T19:00:00Z,109,0,109,1
2021-12-07T20:00:00Z,131,0,131,1
2021-12-07T21:00:00Z,910,0,910,1
2021-12-07T22:00:00Z,760,0,760,0
2021-12-07T23:00:00Z,135,0,135,0
2021-12-08T00:00:00Z,278,0,278,0
2021-12-08T01:00:00Z,4,247,251,0
2021-12-08T02:00:00Z,0,129,129,0
2021-12-08T03:00:00Z,0,113,113,0
2021-12-08T04:00:00Z,0,123,123,0
2021-12-08T05:00:00Z,0,118,118,0
2021-12-08T06:00:00Z,0,308,308,1
2021-12-08T07:00:00Z,0,197,197,1
2021-12-08T08:00:00Z,0,194,194,1
2021-12-08T09:00:00Z,0,188,188,1
2021-12-08T10:00:00Z,0,158,158,1
2021-12-08T11:00:00Z,0,880,880,1
2021-12-08T12:00:00Z,0,784,784,1
2021-12-08T13:00:00Z,0,252,252,1
2021-12-08T14:00:00Z,0,235,235,1
2021-12-08T15:00:00Z,0,236,236,1
2021-12-08T16:00:00Z,0,229,229,1
2021-12-08T17:00:00Z,180,1,181,1
2021-12-08T18:00:00Z,126,0,126,1
2021-12-08T19:00:00Z,128,0,128,1
2021-12-08T20:00:00Z,585,0,585,1
2021-12-08T21:00:00Z,475,0,475,1
2021-12-08T22:00:00Z,736,0,736,0
2021-12-08T23:00:00Z,160,0,160,0
2021-12-09T00:00:00Z,255,0,255,0
2021-12-09T01:00:00Z,2,415,417,0
2021-12-09T02:00:00Z,0,342,342,0
2021-12-09T03:00:00Z,0,255,255,0
2021-12-09T04:00:00Z,0,329,329,0
2021-12-09T05:00:00Z,0,287,287,0
2021-12-09T06:00:00Z,0,324,324,1
2021-12-09T07:00:00Z,0,233,233,1
2021-12-09T08:00:00Z,0,232,232,1
2021-12-09T09:00:00Z,0,278,278,1
2021-12-09T10:00:00Z,0,272,272,1
2021-12-09T11:00:00Z,0,322,322,1
2021-12-09T12:00:00Z,0,830,830,1
2021-12-09T13:00:00Z,0,232,232,1
2021-12-09T14:00:00Z,0,255,255,1
2021-12-09T15:00:00Z,0,395,395,1
2021-12-09T16:00:00Z,0,343,343,1
2021-12-09T17:00:00Z,149,1,150,1
2021-12-09T18:00:00Z,126,0,126,1
2021-12-09T19:00:00Z,110,0,110,1
2021-12-09T20:00:00Z,218,0,218,1
2021-12-09T21:00:00Z,825,0,825,1
2021-12-09T22:00:00Z,781,0,781,0
2021-12-09T23:00:00Z,139,0,139,0
2021-12-10T00:00:00Z,197,0,197,0
2021-12-10T01:00:00Z,0,535,535,0
2021-12-10T02:00:00Z,0,341,341,0
2021-12-10T03:00:00Z,0,242,242,0
2021-12-10T04:00:00Z,0,298,298,0
2021-12-10T05:00:00Z,0,283,283,0
2021-12-10T06:00:00Z,0,261,261,1
2021-12-10T07:00:00Z,0,344,344,1
2021-12-10T08:00:00Z,0,225,225,1
2021-12-10T09:00:00Z,0,288,288,1
2021-12-10T10:00:00Z,0,392,392,1
2021-12-10T11:00:00Z,0,615,615,1
2021-12-10T12:00:00Z,0,692,692,1
2021-12-10T13:00:00Z,0,335,335,1
2021-12-10T14:00:00Z,0,252,252,1
2021-12-10T15:00:00Z,0,233,233,1
2021-12-10T16:00:00Z,0,530,530,1
2021-12-10T17:00:00Z,167,0,167,1
2021-12-10T18:00:00Z,113,0,113,1
2021-12-10T19:00:00Z,125,0,125,1
2021-12-10T20:00:00Z,127,0,127,1
2021-12-10T21:00:00Z,116,0,116,1
2021-12-10T22:00:00Z,169,0,169,0
2021-12-10T23:00:00Z,135,0,135,0
2021-12-11T00:00:00Z,194,0,194,0
2021-12-11T01:00:00Z,1,1226,1227,0
2021-12-11T02:00:00Z,0,873,873,0
2021-12-11T03:00:00Z,0,250,250,0
2021-12-11T04:00:00Z,0,300,300,0
2021-12-11T05:00:00Z,0,670,670,0
2021-12-11T06:00:00Z,0,232,232,1
2021-12-11T07:00:00Z,0,254,254,1
2021-12-11T08:00:00Z,0,272,272,1
2021-12-11T09:00:00Z,0,255,255,1
2021-12-11T10:00:00Z,0,250,250,1
2021-12-11T11:00:00Z,0,446,446,1
2021-12-11T12:00:00Z,0,784,784,1
2021-12-11T13:00:00Z,0,230,230,1
2021-12-11T14:00:00Z,0,230,230,1
2021-12-11T15:00:00Z,0,230,230,1
2021-12-11T16:00:00Z,0,255,255,1
2021-12-11T17:00:00Z,182,0,182,1
2021-12-11T18:00:00Z,132,0,132,1
2021-12-11T19:00:00Z,110,0,110,1
2021-12-11T20:00:00Z,122,0,122,1
2021-12-11T21:00:00Z,904,0,904,1
2021-12-11T22:00:00Z,777,0,777,0
2021-12-11T23:00:00Z,148,0,148,0
2021-12-12T00:00:00Z,146,0,146,0
2021-12-12T01:00:00Z,643,0,643,0
2021-12-12T02:00:00Z,652,0,652,0
2021-12-12T03:00:00Z,310,0,310,0
2021-12-12T04:00:00Z,1815,0,1815,0
2021-12-12T05:00:00Z,1444,0,1444,0
2021-12-12T06:00:00Z,725,0,725,1
2021-12-12T07:00:00Z,2035,0,2035,1
2021-12-12T08:00:00Z,306,0,306,1
2021-12-12T09:00:00Z,189,0,189,1
2021-12-12T10:00:00Z,386,0,386,1
2021-12-12T11:00:00Z,1286,0,1286,1
2021-12-12T12:00:00Z,2054,0,2054,1
2021-12-12T13:00:00Z,1217,0,1217,1
2021-12-12T14:00:00Z,860,0,860,1
2021-12-12T15:00:00Z,304,0,304,1
2021-12-12T16:00:00Z,262,0,262,1
2021-12-12T17:00:00Z,298,0,298,1
2021-12-12T18:00:00Z,148,0,148,1
2021-12-12T19:00:00Z,132,0,132,1
2021-12-12T20:00:00Z,123,0,123,1
2021-12-12T21:00:00Z,110,0,110,1
2021-12-12T22:00:00Z,114,0,114,0
2021-12-12T23:00:00Z,167,0,167,0
2021-12-13T00:00:00Z,150,0,150,0
2021-12-13T01:00:00Z,680,0,680,0
2021-12-13T02:00:00Z,888,0,888,0
2021-12-13T03:00:00Z,1864,0,1864,0
2021-12-13T04:00:00Z,424,0,424,0
2021-12-13T05:00:00Z,688,0,688,0
2021-12-13T06:00:00Z,3444,0,3444,1
2021-12-13T07:00:00Z,894,0,894,1
2021-12-13T08:00:00Z,328,0,328,1
2021-12-13T09:00:00Z,282,0,282,1
2021-12-13T10:00:00Z,1956,0,1956,1
2021-12-13T11:00:00Z,1681,0,1681,1
2021-12-13T12:00:00Z,960,0,960,1
2021-12-13T13:00:00Z,324,0,324,1
2021-12-13T14:00:00Z,342,0,342,1
2021-12-13T15:00:00Z,285,0,285,1
2021-12-13T16:00:00Z,167,0,167,1
2021-12-13T17:00:00Z,152,0,152,1
2021-12-13T18:00:00Z,135,0,135,1
2021-12-13T19:00:00Z,568,0,568,1
2021-12-13T20:00:00Z,464,0,464,1
2021-12-13T21:00:00Z,686,0,686,1
2021-12-13T22:00:00Z,113,0,113,0
2021-12-13T23:00:00Z,158,0,158,0
2021-12-14T00:00:00Z,347,0,347,0
2021-12-14T01:00:00Z,0,227,227,0
2021-12-14T02:00:00Z,0,124,124,0
2021-12-14T03:00:00Z,0,115,115,0
2021-12-14T04:00:00Z,0,117,117,0
2021-12-14T05:00:00Z,0,104,104,0
2021-12-14T06:00:00Z,0,109,109,1
2021-12-14T07:00:00Z,0,114,114,1
2021-12-14T08:00:00Z,0,116,116,1
2021-12-14T09:00:00Z,0,134,134,1
2021-12-14T10:00:00Z,0,156,156,1
2021-12-14T11:00:00Z,0,284,284,1
2021-12-14T12:00:00Z,0,463,463,1
2021-12-14T13:00:00Z,0,243,243,1
2021-12-14T14:00:00Z,0,222,222,1
2021-12-14T15:00:00Z,0,351,351,1
2021-12-14T16:00:00Z,0,283,283,1
2021-12-14T17:00:00Z,253,1,254,1
2021-12-14T18:00:00Z,139,0,139,1
2021-12-14T19:00:00Z,121,0,121,1
2021-12-14T20:00:00Z,113,0,113,1
2021-12-14T21:00:00Z,687,0,687,1
2021-12-14T22:00:00Z,825,0,825,0
2021-12-14T23:00:00Z,252,0,252,0
2021-12-15T00:00:00Z,233,0,233,0
2021-12-15T01:00:00Z,1,420,421,0
2021-12-15T02:00:00Z,0,278,278,0
2021-12-15T03:00:00Z,0,689,689,0
2021-12-15T04:00:00Z,0,618,618,0
2021-12-15T05:00:00Z,0,2029,2029,0
2021-12-15T06:00:00Z,0,383,383,1
2021-12-15T07:00:00Z,0,254,254,1
2021-12-15T08:00:00Z,0,280,280,1
2021-12-15T09:00:00Z,0,272,272,1
2021-12-15T10:00:00Z,0,200,200,1
2021-12-15T11:00:00Z,0,2036,2036,1
2021-12-15T12:00:00Z,0,822,822,1
2021-12-15T13:00:00Z,0,271,271,1
2021-12-15T14:00:00Z,0,259,259,1
2021-12-15T15:00:00Z,0,241,241,1
2021-12-15T16:00:00Z,0,288,288,1
2021-12-15T17:00:00Z,235,1,236,1
2021-12-15T18:00:00Z,149,0,149,1
2021-12-15T19:00:00Z,137,0,137,1
2021-12-15T20:00:00Z,136,0,136,1
2021-12-15T21:00:00Z,607,0,607,1
2021-12-15T22:00:00Z,483,0,483,0
2021-12-15T23:00:00Z,750,0,750,0
2021-12-16T00:00:00Z,227,0,227,0
2021-12-16T01:00:00Z,1,451,452,0
2021-12-16T02:00:00Z,0,310,310,0
2021-12-16T03:00:00Z,0,275,275,0
2021-12-16T04:00:00Z,0,279,279,0
2021-12-16T05:00:00Z,0,305,305,0
2021-12-16T06:00:00Z,0,286,286,1
2021-12-16T07:00:00Z,0,283,283,1
2021-12-16T08:00:00Z,0,288,288,1
2021-12-16T09:00:00Z,0,259,259,1
2021-12-16T10:00:00Z,0,208,208,1
2021-12-16T11:00:00Z,0,375,375,1
2021-12-16T12:00:00Z,0,1390,1390,1
2021-12-16T13:00:00Z,0,294,294,1
2021-12-16T14:00:00Z,0,563,563,1
2021-12-16T15:00:00Z,0,258,258,1
2021-12-16T16:00:00Z,0,242,242,1
2021-12-16T17:00:00Z,200,0,200,1
2021-12-16T18:00:00Z,140,0,140,1
2021-12-16T19:00:00Z,126,0,126,1
2021-12-16T20:00:00Z,113,0,113,1
2021-12-16T21:00:00Z,885,0,885,1
2021-12-16T22:00:00Z,749,0,749,0
2021-12-16T23:00:00Z,159,0,159,0
2021-12-17T00:00:00Z,240,0,240,0
2021-12-17T01:00:00Z,1,446,447,0
2021-12-17T02:00:00Z,0,346,346,0
2021-12-17T03:00:00Z,0,271,271,0
2021-12-17T04:00:00Z,0,329,329,0
2021-12-17T05:00:00Z,0,340,340,0
2021-12-17T06:00:00Z,0,352,352,1
2021-12-17T07:00:00Z,0,282,282,1
2021-12-17T08:00:00Z,0,240,240,1
2021-12-17T09:00:00Z,0,356,356,1
2021-12-17T10:00:00Z,0,274,274,1
2021-12-17T11:00:00Z,0,297,297,1
2021-12-17T12:00:00Z,0,274,274,1
2021-12-17T13:00:00Z,0,1156,1156,1
2021-12-17T14:00:00Z,0,265,265,1
2021-12-17T15:00:00Z,0,232,232,1
2021-12-17T16:00:00Z,0,216,216,1
2021-12-17T17:00:00Z,261,1,262,1
2021-12-17T18:00:00Z,139,0,139,1
2021-12-17T19:00:00Z,133,0,133,1
2021-12-17T20:00:00Z,134,0,134,1
2021-12-17T21:00:00Z,891,0,891,1
2021-12-17T22:00:00Z,731,0,731,0
2021-12-17T23:00:00Z,168,0,168,0
2021-12-18T00:00:00Z,142,0,142,0
2021-12-18T01:00:00Z,1,254,255,0
2021-12-18T02:00:00Z,0,240,240,0
2021-12-18T03:00:00Z,0,716,716,0
2021-12-18T04:00:00Z,0,2204,2204,0
2021-12-18T05:00:00Z,0,2241,2241,0
2021-12-18T06:00:00Z,0,2391,2391,1
2021-12-18T07:00:00Z,0,2282,2282,1
2021-12-18T08:00:00Z,0,2303,2303,1
2021-12-18T09:00:00Z,0,2302,2302,1
2021-12-18T10:00:00Z,0,2383,2383,1
2021-12-18T11:00:00Z,0,2309,2309,1
2021-12-18T12:00:00Z,0,881,881,1
2021-12-18T13:00:00Z,0,281,281,1
2021-12-18T14:00:00Z,0,376,376,1
2021-12-18T15:00:00Z,0,540,540,1
2021-12-18T16:00:00Z,0,243,243,1
2021-12-18T17:00:00Z,308,0,308,1
2021-12-18T18:00:00Z,125,0,125,1
2021-12-18T19:00:00Z,128,0,128,1
2021-12-18T20:00:00Z,127,0,127,1
2021-12-18T21:00:00Z,884,0,884,1
2021-12-18T22:00:00Z,733,0,733,0
2021-12-18T23:00:00Z,110,0,110,0
2021-12-19T00:00:00Z,160,0,160,0
2021-12-19T01:00:00Z,456,0,456,0
2021-12-19T02:00:00Z,404,0,404,0
2021-12-19T03:00:00Z,147,0,147,0
2021-12-19T04:00:00Z,131,0,131,0
2021-12-19T05:00:00Z,135,0,135,0
2021-12-19T06:00:00Z,1112,0,1112,1
2021-12-19T07:00:00Z,508,0,508,1
2021-12-19T08:00:00Z,621,0,621,1
2021-12-19T09:00:00Z,715,0,715,1
2021-12-19T10:00:00Z,242,0,242,1
2021-12-19T11:00:00Z,1288,0,1288,1
2021-12-19T12:00:00Z,840,0,840,1
2021-12-19T13:00:00Z,1017,0,1017,1
2021-12-19T14:00:00Z,309,0,309,1
2021-12-19T15:00:00Z,306,0,306,1
2021-12-19T16:00:00Z,2160,0,2160,1
2021-12-19T17:00:00Z,362,0,362,1
2021-12-19T18:00:00Z,146,0,146,1
2021-12-19T19:00:00Z,121,0,121,1
2021-12-19T20:00:00Z,118,0,118,1
2021-12-19T21:00:00Z,687,0,687,1
2021-12-19T22:00:00Z,631,0,631,0
2021-12-19T23:00:00Z,432,0,432,0
2021-12-20T00:00:00Z,170,0,170,0
2021-12-20T01:00:00Z,137,0,137,0
2021-12-20T02:00:00Z,382,0,382,0
2021-12-20T03:00:00Z,3080,0,3080,0
2021-12-20T04:00:00Z,2459,0,2459,0
2021-12-20T05:00:00Z,2497,0,2497,0
2021-12-20T06:00:00Z,2455,0,2455,1
2021-12-20T07:00:00Z,2430,0,2430,1
2021-12-20T08:00:00Z,2872,0,2872,1
2021-12-20T09:00:00Z,2764,0,2764,1
2021-12-20T10:00:00Z,2461,0,2461,1
2021-12-20T11:00:00Z,2291,0,2291,1
2021-12-20T12:00:00Z,2835,0,2835,1
2021-12-20T13:00:00Z,2373,0,2373,1
2021-12-20T14:00:00Z,2321,0,2321,1
2021-12-20T15:00:00Z,2254,0,2254,1
2021-12-20T16:00:00Z,1678,0,1678,1
2021-12-20T17:00:00Z,168,0,168,1
2021-12-20T18:00:00Z,118,0,118,1
2021-12-20T19:00:00Z,127,0,127,1
2021-12-20T20:00:00Z,594,0,594,1
2021-12-20T21:00:00Z,465,0,465,1
2021-12-20T22:00:00Z,702,0,702,0
2021-12-20T23:00:00Z,158,0,158,0
2021-12-21T00:00:00Z,287,0,287,0
2021-12-21T01:00:00Z,1,289,290,0
2021-12-21T02:00:00Z,0,248,248,0
2021-12-21T03:00:00Z,0,189,189,0
2021-12-21T04:00:00Z,0,234,234,0
2021-12-21T05:00:00Z,0,333,333,0
2021-12-21T06:00:00Z,0,176,176,1
2021-12-21T07:00:00Z,0,630,630,1
2021-12-21T08:00:00Z,0,1081,1081,1
2021-12-21T09:00:00Z,0,1081,1081,1
2021-12-21T10:00:00Z,0,1050,1050,1
2021-12-21T11:00:00Z,0,727,727,1
2021-12-21T12:00:00Z,0,573,573,1
2021-12-21T13:00:00Z,0,703,703,1
2021-12-21T14:00:00Z,0,262,262,1
2021-12-21T15:00:00Z,0,413,413,1
2021-12-21T16:00:00Z,0,482,482,1
2021-12-21T17:00:00Z,187,0,187,1
2021-12-21T18:00:00Z,138,0,138,1
2021-12-21T19:00:00Z,121,0,121,1
2021-12-21T20:00:00Z,375,0,375,1
2021-12-21T21:00:00Z,686,0,686,1
2021-12-21T22:00:00Z,733,0,733,0
2021-12-21T23:00:00Z,150,0,150,0
2021-12-22T00:00:00Z,176,0,176,0
2021-12-22T01:00:00Z,0,437,437,0
2021-12-22T02:00:00Z,0,293,293,0
2021-12-22T03:00:00Z,0,285,285,0
2021-12-22T04:00:00Z,0,338,338,0
2021-12-22T05:00:00Z,0,336,336,0
2021-12-22T06:00:00Z,0,375,375,1
2021-12-22T07:00:00Z,0,317,317,1
2021-12-22T08:00:00Z,0,279,279,1
2021-12-22T09:00:00Z,0,266,266,1
2021-12-22T10:00:00Z,0,283,283,1
2021-12-22T11:00:00Z,0,487,487,1
2021-12-22T12:00:00Z,0,2391,2391,1
2021-12-22T13:00:00Z,0,2558,2558,1
2021-12-22T14:00:00Z,0,2349,2349,1
2021-12-22T15:00:00Z,0,2279,2279,1
2021-12-22T16:00:00Z,0,2206,2206,1
2021-12-22T17:00:00Z,220,5,225,1
2021-12-22T18:00:00Z,126,0,126,1
2021-12-22T19:00:00Z,151,0,151,1
2021-12-22T20:00:00Z,615,0,615,1
2021-12-22T21:00:00Z,482,0,482,1
2021-12-22T22:00:00Z,776,0,776,0
2021-12-22T23:00:00Z,157,0,157,0
2021-12-23T00:00:00Z,193,0,193,0
2021-12-23T01:00:00Z,0,313,313,0
2021-12-23T02:00:00Z,0,813,813,0
2021-12-23T03:00:00Z,0,263,263,0
2021-12-23T04:00:00Z,0,219,219,0
2021-12-23T05:00:00Z,0,192,192,0
2021-12-23T06:00:00Z,0,2701,2701,1
2021-12-23T07:00:00Z,0,2350,2350,1
2021-12-23T08:00:00Z,0,2272,2272,1
2021-12-23T09:00:00Z,0,2302,2302,1
2021-12-23T10:00:00Z,0,2321,2321,1
2021-12-23T11:00:00Z,0,2472,2472,1
2021-12-23T12:00:00Z,0,3284,3284,1
2021-12-23T13:00:00Z,0,2406,2406,1
2021-12-23T14:00:00Z,0,520,520,1
2021-12-23T15:00:00Z,0,253,253,1
2021-12-23T16:00:00Z,0,261,261,1
2021-12-23T17:00:00Z,291,0,291,1
2021-12-23T18:00:00Z,117,0,117,1
2021-12-23T19:00:00Z,141,0,141,1
2021-12-23T20:00:00Z,142,0,142,1
2021-12-23T21:00:00Z,948,0,948,1
2021-12-23T22:00:00Z,789,0,789,0
2021-12-23T23:00:00Z,158,0,158,0
2021-12-24T00:00:00Z,225,0,225,0
2021-12-24T01:00:00Z,0,299,299,0
2021-12-24T02:00:00Z,0,333,333,0
2021-12-24T03:00:00Z,0,298,298,0
2021-12-24T04:00:00Z,0,280,280,0
2021-12-24T05:00:00Z,0,279,279,0
2021-12-24T06:00:00Z,0,356,356,1
2021-12-24T07:00:00Z,0,297,297,1
2021-12-24T08:00:00Z,0,272,272,1
2021-12-24T09:00:00Z,0,266,266,1
2021-12-24T10:00:00Z,0,202,202,1
2021-12-24T11:00:00Z,0,297,297,1
2021-12-24T12:00:00Z,0,2410,2410,1
2021-12-24T13:00:00Z,0,1544,1544,1
2021-12-24T14:00:00Z,0,297,297,1
2021-12-24T15:00:00Z,0,234,234,1
2021-12-24T16:00:00Z,0,227,227,1
2021-12-24T17:00:00Z,205,1,206,1
2021-12-24T18:00:00Z,115,0,115,1
2021-12-24T19:00:00Z,132,0,132,1
2021-12-24T20:00:00Z,133,0,133,1
2021-12-24T21:00:00Z,671,0,671,1
2021-12-24T22:00:00Z,589,0,589,0
2021-12-24T23:00:00Z,536,0,536,0
2021-12-25T00:00:00Z,138,0,138,0
2021-12-25T01:00:00Z,1,1062,1063,0
2021-12-25T02:00:00Z,0,218,218,0
2021-12-25T03:00:00Z,0,220,220,0
2021-12-25T04:00:00Z,0,1429,1429,0
2021-12-25T05:00:00Z,0,1438,1438,0
2021-12-25T06:00:00Z,0,217,217,1
2021-12-25T07:00:00Z,0,333,333,1
2021-12-25T08:00:00Z,0,418,418,1
2021-12-25T09:00:00Z,0,1064,1064,1
2021-12-25T10:00:00Z,0,303,303,1
2021-12-25T11:00:00Z,0,685,685,1
2021-12-25T12:00:00Z,0,445,445,1
2021-12-25T13:00:00Z,0,288,288,1
2021-12-25T14:00:00Z,0,273,273,1
2021-12-25T15:00:00Z,0,599,599,1
2021-12-25T16:00:00Z,0,611,611,1
2021-12-25T17:00:00Z,162,1,163,1
2021-12-25T18:00:00Z,133,0,133,1
2021-12-25T19:00:00Z,664,0,664,1
2021-12-25T20:00:00Z,396,0,396,1
2021-12-25T21:00:00Z,736,0,736,1
2021-12-25T22:00:00Z,129,0,129,0
2021-12-25T23:00:00Z,126,0,126,0
2021-12-26T00:00:00Z,152,0,152,0
2021-12-26T01:00:00Z,316,0,316,0
2021-12-26T02:00:00Z,434,0,434,0
2021-12-26T03:00:00Z,1387,0,1387,0
2021-12-26T04:00:00Z,958,0,958,0
2021-12-26T05:00:00Z,3318,0,3318,0
2021-12-26T06:00:00Z,2403,0,2403,1
2021-12-26T07:00:00Z,2687,0,2687,1
2021-12-26T08:00:00Z,1673,0,1673,1
2021-12-26T09:00:00Z,596,0,596,1
2021-12-26T10:00:00Z,964,0,964,1
2021-12-26T11:00:00Z,2538,0,2538,1
2021-12-26T12:00:00Z,556,0,556,1
2021-12-26T13:00:00Z,698,0,698,1
2021-12-26T14:00:00Z,1108,0,1108,1
2021-12-26T15:00:00Z,900,0,900,1
2021-12-26T16:00:00Z,1038,0,1038,1
2021-12-26T17:00:00Z,261,0,261,1
2021-12-26T18:00:00Z,141,0,141,1
2021-12-26T19:00:00Z,124,0,124,1
2021-12-26T20:00:00Z,125,0,125,1
2021-12-26T21:00:00Z,129,0,129,1
2021-12-26T22:00:00Z,126,0,126,0
2021-12-26T23:00:00Z,160,0,160,0
2021-12-27T00:00:00Z,150,0,150,0
2021-12-27T01:00:00Z,999,0,999,0
2021-12-27T02:00:00Z,774,0,774,0
2021-12-27T03:00:00Z,1062,0,1062,0
2021-12-27T04:00:00Z,894,0,894,0
2021-12-27T05:00:00Z,1265,0,1265,0
2021-12-27T06:00:00Z,478,0,478,1
2021-12-27T07:00:00Z,574,0,574,1
2021-12-27T08:00:00Z,349,0,349,1
2021-12-27T09:00:00Z,317,0,317,1
2021-12-27T10:00:00Z,334,0,334,1
2021-12-27T11:00:00Z,293,0,293,1
2021-12-27T12:00:00Z,1704,0,1704,1
2021-12-27T13:00:00Z,1152,0,1152,1
2021-12-27T14:00:00Z,1324,0,1324,1
2021-12-27T15:00:00Z,288,0,288,1
2021-12-27T16:00:00Z,351,0,351,1
2021-12-27T17:00:00Z,155,0,155,1
2021-12-27T18:00:00Z,127,0,127,1
2021-12-27T19:00:00Z,130,0,130,1
2021-12-27T20:00:00Z,612,0,612,1
2021-12-27T21:00:00Z,474,0,474,1
2021-12-27T22:00:00Z,742,0,742,0
2021-12-27T23:00:00Z,181,0,181,0
2021-12-28T00:00:00Z,273,0,273,0
2021-12-28T01:00:00Z,1,329,330,0
2021-12-28T02:00:00Z,0,445,445,0
2021-12-28T03:00:00Z,0,334,334,0
2021-12-28T04:00:00Z,0,725,725,0
2021-12-28T05:00:00Z,0,318,318,0
2021-12-28T06:00:00Z,0,798,798,1
2021-12-28T07:00:00Z,0,1063,1063,1
2021-12-28T08:00:00Z,0,582,582,1
2021-12-28T09:00:00Z,0,546,546,1
2021-12-28T10:00:00Z,0,513,513,1
2021-12-28T11:00:00Z,0,743,743,1
2021-12-28T12:00:00Z,0,1557,1557,1
2021-12-28T13:00:00Z,0,796,796,1
2021-12-28T14:00:00Z,0,418,418,1
2021-12-28T15:00:00Z,0,291,291,1
2021-12-28T16:00:00Z,0,268,268,1
2021-12-28T17:00:00Z,205,0,205,1
2021-12-28T18:00:00Z,133,0,133,1
2021-12-28T19:00:00Z,131,0,131,1
2021-12-28T20:00:00Z,131,0,131,1
2021-12-28T21:00:00Z,908,0,908,1
2021-12-28T22:00:00Z,755,0,755,0
2021-12-28T23:00:00Z,149,0,149,0
2021-12-29T00:00:00Z,197,0,197,0
2021-12-29T01:00:00Z,1,356,357,0
2021-12-29T02:00:00Z,0,426,426,0
2021-12-29T03:00:00Z,0,337,337,0
2021-12-29T04:00:00Z,0,422,422,0
2021-12-29T05:00:00Z,0,403,403,0
2021-12-29T06:00:00Z,0,892,892,1
2021-12-29T07:00:00Z,0,332,332,1
2021-12-29T08:00:00Z,0,356,356,1
2021-12-29T09:00:00Z,0,313,313,1
2021-12-29T10:00:00Z,0,334,334,1
2021-12-29T11:00:00Z,0,337,337,1
2021-12-29T12:00:00Z,0,915,915,1
2021-12-29T13:00:00Z,0,985,985,1
2021-12-29T14:00:00Z,0,493,493,1
2021-12-29T15:00:00Z,0,291,291,1
2021-12-29T16:00:00Z,0,295,295,1
2021-12-29T17:00:00Z,147,1,148,1
2021-12-29T18:00:00Z,123,0,123,1
2021-12-29T19:00:00Z,121,0,121,1
2021-12-29T20:00:00Z,587,0,587,1
2021-12-29T21:00:00Z,465,0,465,1
2021-12-29T22:00:00Z,724,0,724,0
2021-12-29T23:00:00Z,162,0,162,0
2021-12-30T00:00:00Z,273,0,273,0
2021-12-30T01:00:00Z,0,148,148,0
2021-12-30T02:00:00Z,0,225,225,0
2021-12-30T03:00:00Z,0,356,356,0
2021-12-30T04:00:00Z,0,601,601,0
2021-12-30T05:00:00Z,0,449,449,0
2021-12-30T06:00:00Z,0,290,290,1
2021-12-30T07:00:00Z,0,220,220,1
2021-12-30T08:00:00Z,0,515,515,1
2021-12-30T09:00:00Z,0,322,322,1
2021-12-30T10:00:00Z,0,295,295,1
2021-12-30T11:00:00Z,0,1402,1402,1
2021-12-30T12:00:00Z,0,684,684,1
2021-12-30T13:00:00Z,0,399,399,1
2021-12-30T14:00:00Z,0,388,388,1
2021-12-30T15:00:00Z,0,469,469,1
2021-12-30T16:00:00Z,0,179,179,1
2021-12-30T17:00:00Z,129,1,130,1
2021-12-30T18:00:00Z,125,0,125,1
2021-12-30T19:00:00Z,942,0,942,1
2021-12-30T20:00:00Z,763,0,763,1
2021-12-30T21:00:00Z,128,0,128,1
2021-12-30T22:00:00Z,105,0,105,0
2021-12-30T23:00:00Z,152,0,152,0
2021-12-31T00:00:00Z,142,0,142,0
2021-12-31T01:00:00Z,0,268,268,0
2021-12-31T02:00:00Z,0,417,417,0
2021-12-31T03:00:00Z,0,344,344,0
2021-12-31T04:00:00Z,0,345,345,0
2021-12-31T05:00:00Z,0,561,561,0
2021-12-31T06:00:00Z,0,487,487,1
2021-12-31T07:00:00Z,0,335,335,1
2021-12-31T08:00:00Z,0,374,374,1
2021-12-31T09:00:00Z,0,470,470,1
2021-12-31T10:00:00Z,0,352,352,1
2021-12-31T11:00:00Z,0,1704,1704,1
2021-12-31T12:00:00Z,0,1424,1424,1
2021-12-31T13:00:00Z,0,1053,1053,1
2021-12-31T14:00:00Z,0,592,592,1
2021-12-31T15:00:00Z,0,349,349,1
2021-12-31T16:00:00Z,0,335,335,1
2021-12-31T17:00:00Z,160,0,160,1
2021-12-31T18:00:00Z,139,0,139,1
2021-12-31T19:00:00Z,124,0,124,1
2021-12-31T20:00:00Z,196,0,196,1
2021-12-31T21:00:00Z,743,0,743,1
2021-12-31T22:00:00Z,671,0,671,0
2021-12-31T23:00:00Z,152,0,152,0
2022-01-01T00:00:00Z,126,0,126,0
2022-01-01T01:00:00Z,1,387,388,0
2022-01-01T02:00:00Z,0,290,290,0
2022-01-01T03:00:00Z,0,664,664,0
2022-01-01T04:00:00Z,0,435,435,0
2022-01-01T05:00:00Z,0,2102,2102,0
2022-01-01T06:00:00Z,0,2035,2035,1
2022-01-01T07:00:00Z,0,1259,1259,1
2022-01-01T08:00:00Z,0,1348,1348,1
2022-01-01T09:00:00Z,0,600,600,1
2022-01-01T10:00:00Z,0,286,286,1
2022-01-01T11:00:00Z,0,2833,2833,1
2022-01-01T12:00:00Z,0,1284,1284,1
2022-01-01T13:00:00Z,0,837,837,1
2022-01-01T14:00:00Z,0,852,852,1
2022-01-01T15:00:00Z,0,1172,1172,1
2022-01-01T16:00:00Z,0,1919,1919,1
2022-01-01T17:00:00Z,558,3,561,1
2022-01-01T18:00:00Z,282,0,282,1
2022-01-01T19:00:00Z,361,0,361,1
2022-01-01T20:00:00Z,138,0,138,1
2022-01-01T21:00:00Z,127,0,127,1
2022-01-01T22:00:00Z,122,0,122,0
2022-01-01T23:00:00Z,784,0,784,0
2022-01-02T00:00:00Z,746,0,746,0
2022-01-02T01:00:00Z,144,0,144,0
2022-01-02T02:00:00Z,269,0,269,0
2022-01-02T03:00:00Z,1139,0,1139,0
2022-01-02T04:00:00Z,2887,0,2887,0
2022-01-02T05:00:00Z,857,0,857,0
2022-01-02T06:00:00Z,2107,0,2107,1
2022-01-02T07:00:00Z,1376,0,1376,1
2022-01-02T08:00:00Z,325,0,325,1
2022-01-02T09:00:00Z,263,0,263,1
2022-01-02T10:00:00Z,264,0,264,1
2022-01-02T11:00:00Z,1103,0,1103,1
2022-01-02T12:00:00Z,969,0,969,1
2022-01-02T13:00:00Z,289,0,289,1
2022-01-02T14:00:00Z,246,0,246,1
2022-01-02T15:00:00Z,491,0,491,1
2022-01-02T16:00:00Z,326,0,326,1
2022-01-02T17:00:00Z,134,0,134,1
2022-01-02T18:00:00Z,121,0,121,1
2022-01-02T19:00:00Z,112,0,112,1
2022-01-02T20:00:00Z,633,0,633,1
2022-01-02T21:00:00Z,542,0,542,1
2022-01-02T22:00:00Z,487,0,487,0
2022-01-02T23:00:00Z,129,0,129,0
2022-01-03T00:00:00Z,159,0,159,0
2022-01-03T01:00:00Z,287,0,287,0
2022-01-03T02:00:00Z,581,0,581,0
2022-01-03T03:00:00Z,297,0,297,0
2022-01-03T04:00:00Z,995,0,995,0
2022-01-03T05:00:00Z,396,0,396,0
2022-01-03T06:00:00Z,566,0,566,1
2022-01-03T07:00:00Z,763,0,763,1
2022-01-03T08:00:00Z,2157,0,2157,1
2022-01-03T09:00:00Z,334,0,334,1
2022-01-03T10:00:00Z,248,0,248,1
2022-01-03T11:00:00Z,401,0,401,1
2022-01-03T12:00:00Z,248,0,248,1
2022-01-03T13:00:00Z,230,0,230,1
2022-01-03T14:00:00Z,271,0,271,1
2022-01-03T15:00:00Z,793,0,793,1
2022-01-03T16:00:00Z,213,0,213,1
2022-01-03T17:00:00Z,132,0,132,1
2022-01-03T18:00:00Z,119,0,119,1
2022-01-03T19:00:00Z,108,0,108,1
2022-01-03T20:00:00Z,674,0,674,1
2022-01-03T21:00:00Z,503,0,503,1
2022-01-03T22:00:00Z,557,0,557,0
2022-01-03T23:00:00Z,155,0,155,0
2022-01-04T00:00:00Z,125,0,125,0
2022-01-04T01:00:00Z,1,146,147,0
2022-01-04T02:00:00Z,0,520,520,0
2022-01-04T03:00:00Z,0,435,435,0
2022-01-04T04:00:00Z,0,407,407,0
2022-01-04T05:00:00Z,0,509,509,0
2022-01-04T06:00:00Z,0,450,450,1
2022-01-04T07:00:00Z,0,347,347,1
2022-01-04T08:00:00Z,0,288,288,1
2022-01-04T09:00:00Z,0,273,273,1
2022-01-04T10:00:00Z,0,230,230,1
2022-01-04T11:00:00Z,0,227,227,1
2022-01-04T12:00:00Z,0,1003,1003,1
2022-01-04T13:00:00Z,0,470,470,1
2022-01-04T14:00:00Z,0,261,261,1
2022-01-04T15:00:00Z,0,350,350,1
2022-01-04T16:00:00Z,0,243,243,1
2022-01-04T17:00:00Z,137,3,140,1
2022-01-04T18:00:00Z,115,0,115,1
2022-01-04T19:00:00Z,112,0,112,1
2022-01-04T20:00:00Z,677,0,677,1
2022-01-04T21:00:00Z,563,0,563,1
2022-01-04T22:00:00Z,499,0,499,0
2022-01-04T23:00:00Z,149,0,149,0
2022-01-05T00:00:00Z,257,0,257,0
2022-01-05T01:00:00Z,0,247,247,0
2022-01-05T02:00:00Z,0,380,380,0
2022-01-05T03:00:00Z,0,763,763,0
2022-01-05T04:00:00Z,0,309,309,0
2022-01-05T05:00:00Z,0,304,304,0
2022-01-05T06:00:00Z,0,375,375,1
2022-01-05T07:00:00Z,0,452,452,1
2022-01-05T08:00:00Z,0,258,258,1
2022-01-05T09:00:00Z,0,261,261,1
2022-01-05T10:00:00Z,0,242,242,1
2022-01-05T11:00:00Z,0,246,246,1
2022-01-05T12:00:00Z,0,887,887,1
2022-01-05T13:00:00Z,0,580,580,1
2022-01-05T14:00:00Z,0,248,248,1
2022-01-05T15:00:00Z,0,227,227,1
2022-01-05T16:00:00Z,0,363,363,1
2022-01-05T17:00:00Z,181,0,181,1
2022-01-05T18:00:00Z,141,0,141,1
2022-01-05T19:00:00Z,103,0,103,1
2022-01-05T20:00:00Z,129,0,129,1
2022-01-05T21:00:00Z,931,0,931,1
2022-01-05T22:00:00Z,739,0,739,0
2022-01-05T23:00:00Z,154,0,154,0
2022-01-06T00:00:00Z,161,0,161,0
2022-01-06T01:00:00Z,0,269,269,0
2022-01-06T02:00:00Z,0,282,282,0
2022-01-06T03:00:00Z,0,305,305,0
2022-01-06T04:00:00Z,0,330,330,0
2022-01-06T05:00:00Z,0,387,387,0
2022-01-06T06:00:00Z,0,405,405,1
2022-01-06T07:00:00Z,0,484,484,1
2022-01-06T08:00:00Z,0,263,263,1
2022-01-06T09:00:00Z,0,312,312,1
2022-01-06T10:00:00Z,0,237,237,1
2022-01-06T11:00:00Z,0,1320,1320,1
2022-01-06T12:00:00Z,0,844,844,1
2022-01-06T13:00:00Z,0,379,379,1
2022-01-06T14:00:00Z,0,269,269,1
2022-01-06T15:00:00Z,0,428,428,1
2022-01-06T16:00:00Z,0,249,249,1
2022-01-06T17:00:00Z,141,0,141,1
2022-01-06T18:00:00Z,127,0,127,1
2022-01-06T19:00:00Z,122,0,122,1
2022-01-06T20:00:00Z,130,0,130,1
2022-01-06T21:00:00Z,105,0,105,1
2022-01-06T22:00:00Z,125,0,125,0
2022-01-06T23:00:00Z,175,0,175,0
2022-01-07T00:00:00Z,157,0,157,0
2022-01-07T01:00:00Z,1,1239,1240,0
2022-01-07T02:00:00Z,0,986,986,0
2022-01-07T03:00:00Z,0,253,253,0
2022-01-07T04:00:00Z,0,383,383,0
2022-01-07T05:00:00Z,0,393,393,0
2022-01-07T06:00:00Z,0,315,315,1
2022-01-07T07:00:00Z,0,262,262,1
2022-01-07T08:00:00Z,0,254,254,1
2022-01-07T09:00:00Z,0,273,273,1
2022-01-07T10:00:00Z,0,225,225,1
2022-01-07T11:00:00Z,0,503,503,1
2022-01-07T12:00:00Z,0,950,950,1
2022-01-07T13:00:00Z,0,260,260,1
2022-01-07T14:00:00Z,0,235,235,1
2022-01-07T15:00:00Z,0,223,223,1
2022-01-07T16:00:00Z,0,250,250,1
2022-01-07T17:00:00Z,147,0,147,1
2022-01-07T18:00:00Z,132,0,132,1
2022-01-07T19:00:00Z,118,0,118,1
2022-01-07T20:00:00Z,430,0,430,1
2022-01-07T21:00:00Z,616,0,616,1
2022-01-07T22:00:00Z,714,0,714,0
2022-01-07T23:00:00Z,153,0,153,0
2022-01-08T00:00:00Z,154,0,154,0
2022-01-08T01:00:00Z,0,273,273,0
2022-01-08T02:00:00Z,0,137,137,0
2022-01-08T03:00:00Z,0,124,124,0
2022-01-08T04:00:00Z,0,901,901,0
2022-01-08T05:00:00Z,0,356,356,0
2022-01-08T06:00:00Z,0,467,467,1
2022-01-08T07:00:00Z,0,318,318,1
2022-01-08T08:00:00Z,0,268,268,1
2022-01-08T09:00:00Z,0,698,698,1
2022-01-08T10:00:00Z,0,1928,1928,1
2022-01-08T11:00:00Z,0,1153,1153,1
2022-01-08T12:00:00Z,0,1035,1035,1
2022-01-08T13:00:00Z,0,263,263,1
2022-01-08T14:00:00Z,0,237,237,1
2022-01-08T15:00:00Z,0,230,230,1
2022-01-08T16:00:00Z,0,428,428,1
2022-01-08T17:00:00Z,181,1,182,1
2022-01-08T18:00:00Z,132,0,132,1
2022-01-08T19:00:00Z,116,0,116,1
2022-01-08T20:00:00Z,119,0,119,1
2022-01-08T21:00:00Z,889,0,889,1
2022-01-08T22:00:00Z,717,0,717,0
2022-01-08T23:00:00Z,152,0,152,0
2022-01-09T00:00:00Z,163,0,163,0
2022-01-09T01:00:00Z,250,0,250,0
2022-01-09T02:00:00Z,1040,0,1040,0
2022-01-09T03:00:00Z,472,0,472,0
2022-01-09T04:00:00Z,686,0,686,0
2022-01-09T05:00:00Z,784,0,784,0
2022-01-09T06:00:00Z,572,0,572,1
2022-01-09T07:00:00Z,2355,0,2355,1
2022-01-09T08:00:00Z,1948,0,1948,1
2022-01-09T09:00:00Z,1887,0,1887,1
2022-01-09T10:00:00Z,2607,0,2607,1
2022-01-09T11:00:00Z,334,0,334,1
2022-01-09T12:00:00Z,846,0,846,1
2022-01-09T13:00:00Z,809,0,809,1
2022-01-09T14:00:00Z,1239,0,1239,1
2022-01-09T15:00:00Z,688,0,688,1
2022-01-09T16:00:00Z,267,0,267,1
2022-01-09T17:00:00Z,151,0,151,1
2022-01-09T18:00:00Z,127,0,127,1
2022-01-09T19:00:00Z,104,0,104,1
2022-01-09T20:00:00Z,129,0,129,1
2022-01-09T21:00:00Z,927,0,927,1
2022-01-09T22:00:00Z,731,0,731,0
2022-01-09T23:00:00Z,153,0,153,0
2022-01-10T00:00:00Z,145,0,145,0
2022-01-10T01:00:00Z,256,0,256,0
2022-01-10T02:00:00Z,289,0,289,0
2022-01-10T03:00:00Z,642,0,642,0
2022-01-10T04:00:00Z,1328,0,1328,0
2022-01-10T05:00:00Z,381,0,381,0
2022-01-10T06:00:00Z,320,0,320,1
2022-01-10T07:00:00Z,285,0,285,1
2022-01-10T08:00:00Z,2388,0,2388,1
2022-01-10T09:00:00Z,1305,0,1305,1
2022-01-10T10:00:00Z,696,0,696,1
2022-01-10T11:00:00Z,616,0,616,1
2022-01-10T12:00:00Z,664,0,664,1
2022-01-10T13:00:00Z,237,0,237,1
2022-01-10T14:00:00Z,225,0,225,1
2022-01-10T15:00:00Z,221,0,221,1
2022-01-10T16:00:00Z,426,0,426,1
2022-01-10T17:00:00Z,149,0,149,1
2022-01-10T18:00:00Z,128,0,128,1
2022-01-10T19:00:00Z,125,0,125,1
2022-01-10T20:00:00Z,565,0,565,1
2022-01-10T21:00:00Z,471,0,471,1
2022-01-10T22:00:00Z,761,0,761,0
2022-01-10T23:00:00Z,129,0,129,0
2022-01-11T00:00:00Z,233,0,233,0
2022-01-11T01:00:00Z,1,465,466,0
2022-01-11T02:00:00Z,0,281,281,0
2022-01-11T03:00:00Z,0,247,247,0
2022-01-11T04:00:00Z,0,289,289,0
2022-01-11T05:00:00Z,0,307,307,0
2022-01-11T06:00:00Z,0,381,381,1
2022-01-11T07:00:00Z,0,313,313,1
2022-01-11T08:00:00Z,0,270,270,1
2022-01-11T09:00:00Z,0,261,261,1
2022-01-11T10:00:00Z,0,291,291,1
2022-01-11T11:00:00Z,0,726,726,1
2022-01-11T12:00:00Z,0,546,546,1
2022-01-11T13:00:00Z,0,247,247,1
2022-01-11T14:00:00Z,0,244,244,1
2022-01-11T15:00:00Z,0,235,235,1
2022-01-11T16:00:00Z,0,226,226,1
2022-01-11T17:00:00Z,123,1,124,1
2022-01-11T18:00:00Z,131,0,131,1
2022-01-11T19:00:00Z,134,0,134,1
2022-01-11T20:00:00Z,567,0,567,1
2022-01-11T21:00:00Z,475,0,475,1
2022-01-11T22:00:00Z,765,0,765,0
2022-01-11T23:00:00Z,128,0,128,0
2022-01-12T00:00:00Z,168,0,168,0
2022-01-12T01:00:00Z,0,402,402,0
2022-01-12T02:00:00Z,0,276,276,0
2022-01-12T03:00:00Z,0,282,282,0
2022-01-12T04:00:00Z,0,294,294,0
2022-01-12T05:00:00Z,0,345,345,0
2022-01-12T06:00:00Z,0,307,307,1
2022-01-12T07:00:00Z,0,367,367,1
2022-01-12T08:00:00Z,0,310,310,1
2022-01-12T09:00:00Z,0,275,275,1
2022-01-12T10:00:00Z,0,272,272,1
2022-01-12T11:00:00Z,0,1470,1470,1
2022-01-12T12:00:00Z,0,661,661,1
2022-01-12T13:00:00Z,0,249,249,1
2022-01-12T14:00:00Z,0,231,231,1
2022-01-12T15:00:00Z,0,224,224,1
2022-01-12T16:00:00Z,0,258,258,1
2022-01-12T17:00:00Z,190,3,193,1
2022-01-12T18:00:00Z,126,0,126,1
2022-01-12T19:00:00Z,127,0,127,1
2022-01-12T20:00:00Z,108,0,108,1
2022-01-12T21:00:00Z,859,0,859,1
2022-01-12T22:00:00Z,788,0,788,0
2022-01-12T23:00:00Z,151,0,151,0
2022-01-13T00:00:00Z,127,0,127,0
2022-01-13T01:00:00Z,0,853,853,0
2022-01-13T02:00:00Z,0,298,298,0
2022-01-13T03:00:00Z,0,278,278,0
2022-01-13T04:00:00Z,0,224,224,0
2022-01-13T05:00:00Z,0,316,316,0
2022-01-13T06:00:00Z,0,311,311,1
2022-01-13T07:00:00Z,0,325,325,1
2022-01-13T08:00:00Z,0,277,277,1
2022-01-13T09:00:00Z,0,273,273,1
2022-01-13T10:00:00Z,0,274,274,1
2022-01-13T11:00:00Z,0,336,336,1
2022-01-13T12:00:00Z,0,228,228,1
2022-01-13T13:00:00Z,0,242,242,1
2022-01-13T14:00:00Z,0,1286,1286,1
2022-01-13T15:00:00Z,0,390,390,1
2022-01-13T16:00:00Z,0,253,253,1
2022-01-13T17:00:00Z,303,2,305,1
2022-01-13T18:00:00Z,124,0,124,1
2022-01-13T19:00:00Z,140,0,140,1
2022-01-13T20:00:00Z,119,0,119,1
2022-01-13T21:00:00Z,597,0,597,1
2022-01-13T22:00:00Z,479,0,479,0
2022-01-13T23:00:00Z,748,0,748,0
2022-01-14T00:00:00Z,169,0,169,0
2022-01-14T01:00:00Z,0,384,384,0
2022-01-14T02:00:00Z,0,325,325,0
2022-01-14T03:00:00Z,0,304,304,0
2022-01-14T04:00:00Z,0,303,303,0
2022-01-14T05:00:00Z,0,274,274,0
2022-01-14T06:00:00Z,0,701,701,1
2022-01-14T07:00:00Z,0,289,289,1
2022-01-14T08:00:00Z,0,892,892,1
2022-01-14T09:00:00Z,0,193,193,1
2022-01-14T10:00:00Z,0,750,750,1
2022-01-14T11:00:00Z,0,424,424,1
2022-01-14T12:00:00Z,0,381,381,1
2022-01-14T13:00:00Z,0,226,226,1
2022-01-14T14:00:00Z,0,246,246,1
2022-01-14T15:00:00Z,0,260,260,1
2022-01-14T16:00:00Z,0,244,244,1
2022-01-14T17:00:00Z,124,0,124,1
2022-01-14T18:00:00Z,134,0,134,1
2022-01-14T19:00:00Z,131,0,131,1
2022-01-14T20:00:00Z,684,0,684,1
2022-01-14T21:00:00Z,656,0,656,1
2022-01-14T22:00:00Z,435,0,435,0
2022-01-14T23:00:00Z,153,0,153,0
2022-01-15T00:00:00Z,150,0,150,0
2022-01-15T01:00:00Z,1,453,454,0
2022-01-15T02:00:00Z,0,213,213,0
2022-01-15T03:00:00Z,0,252,252,0
2022-01-15T04:00:00Z,0,372,372,0
2022-01-15T05:00:00Z,0,317,317,0
2022-01-15T06:00:00Z,0,293,293,1
2022-01-15T07:00:00Z,0,181,181,1
2022-01-15T08:00:00Z,0,484,484,1
2022-01-15T09:00:00Z,0,226,226,1
2022-01-15T10:00:00Z,0,203,203,1
2022-01-15T11:00:00Z,0,271,271,1
2022-01-15T12:00:00Z,0,601,601,1
2022-01-15T13:00:00Z,0,233,233,1
2022-01-15T14:00:00Z,0,219,219,1
2022-01-15T15:00:00Z,0,224,224,1
2022-01-15T16:00:00Z,0,386,386,1
2022-01-15T17:00:00Z,155,0,155,1
2022-01-15T18:00:00Z,129,0,129,1
2022-01-15T19:00:00Z,119,0,119,1
2022-01-15T20:00:00Z,179,0,179,1
2022-01-15T21:00:00Z,844,0,844,1
2022-01-15T22:00:00Z,714,0,714,0
2022-01-15T23:00:00Z,144,0,144,0
2022-01-16T00:00:00Z,151,0,151,0
2022-01-16T01:00:00Z,865,0,865,0
2022-01-16T02:00:00Z,346,0,346,0
2022-01-16T03:00:00Z,751,0,751,0
2022-01-16T04:00:00Z,476,0,476,0
2022-01-16T05:00:00Z,841,0,841,0
2022-01-16T06:00:00Z,2340,0,2340,1
2022-01-16T07:00:00Z,624,0,624,1
2022-01-16T08:00:00Z,221,0,221,1
2022-01-16T09:00:00Z,130,0,130,1
2022-01-16T10:00:00Z,2299,0,2299,1
2022-01-16T11:00:00Z,1556,0,1556,1
2022-01-16T12:00:00Z,555,0,555,1
2022-01-16T13:00:00Z,574,0,574,1
2022-01-16T14:00:00Z,235,0,235,1
2022-01-16T15:00:00Z,220,0,220,1
2022-01-16T16:00:00Z,253,0,253,1
2022-01-16T17:00:00Z,152,0,152,1
2022-01-16T18:00:00Z,136,0,136,1
2022-01-16T19:00:00Z,123,0,123,1
2022-01-16T20:00:00Z,99,0,99,1
2022-01-16T21:00:00Z,879,0,879,1
2022-01-16T22:00:00Z,713,0,713,0
2022-01-16T23:00:00Z,151,0,151,0
2022-01-17T00:00:00Z,152,0,152,0
2022-01-17T01:00:00Z,194,0,194,0
2022-01-17T02:00:00Z,1015,0,1015,0
2022-01-17T03:00:00Z,2200,0,2200,0
2022-01-17T04:00:00Z,773,0,773,0
2022-01-17T05:00:00Z,351,0,351,0
2022-01-17T06:00:00Z,345,0,345,1
2022-01-17T07:00:00Z,2135,0,2135,1
2022-01-17T08:00:00Z,1713,0,1713,1
2022-01-17T09:00:00Z,360,0,360,1
2022-01-17T10:00:00Z,257,0,257,1
2022-01-17T11:00:00Z,246,0,246,1
2022-01-17T12:00:00Z,1317,0,1317,1
2022-01-17T13:00:00Z,689,0,689,1
2022-01-17T14:00:00Z,244,0,244,1
2022-01-17T15:00:00Z,226,0,226,1
2022-01-17T16:00:00Z,239,0,239,1
2022-01-17T17:00:00Z,136,0,136,1
2022-01-17T18:00:00Z,132,0,132,1
2022-01-17T19:00:00Z,126,0,126,1
2022-01-17T20:00:00Z,524,0,524,1
2022-01-17T21:00:00Z,488,0,488,1
2022-01-17T22:00:00Z,741,0,741,0
2022-01-17T23:00:00Z,141,0,141,0
2022-01-18T00:00:00Z,172,0,172,0
2022-01-18T01:00:00Z,0,454,454,0
2022-01-18T02:00:00Z,0,317,317,0
2022-01-18T03:00:00Z,0,265,265,0
2022-01-18T04:00:00Z,0,282,282,0
2022-01-18T05:00:00Z,0,314,314,0
2022-01-18T06:00:00Z,0,271,271,1
2022-01-18T07:00:00Z,0,299,299,1
2022-01-18T08:00:00Z,0,286,286,1
2022-01-18T09:00:00Z,0,263,263,1
2022-01-18T10:00:00Z,0,277,277,1
2022-01-18T11:00:00Z,0,570,570,1
2022-01-18T12:00:00Z,0,599,599,1
2022-01-18T13:00:00Z,0,258,258,1
2022-01-18T14:00:00Z,0,236,236,1
2022-01-18T15:00:00Z,0,227,227,1
2022-01-18T16:00:00Z,0,235,235,1
2022-01-18T17:00:00Z,250,0,250,1
2022-01-18T18:00:00Z,143,0,143,1
2022-01-18T19:00:00Z,139,0,139,1
2022-01-18T20:00:00Z,132,0,132,1
2022-01-18T21:00:00Z,875,0,875,1
2022-01-18T22:00:00Z,758,0,758,0
2022-01-18T23:00:00Z,164,0,164,0
2022-01-19T00:00:00Z,311,0,311,0
2022-01-19T01:00:00Z,0,233,233,0
2022-01-19T02:00:00Z,0,109,109,0
2022-01-19T03:00:00Z,0,123,123,0
2022-01-19T04:00:00Z,0,173,173,0
2022-01-19T05:00:00Z,0,300,300,0
2022-01-19T06:00:00Z,0,268,268,1
2022-01-19T07:00:00Z,0,284,284,1
2022-01-19T08:00:00Z,0,275,275,1
2022-01-19T09:00:00Z,0,312,312,1
2022-01-19T10:00:00Z,0,230,230,1
2022-01-19T11:00:00Z,0,442,442,1
2022-01-19T12:00:00Z,0,347,347,1
2022-01-19T13:00:00Z,0,265,265,1
2022-01-19T14:00:00Z,0,304,304,1
2022-01-19T15:00:00Z,0,361,361,1
2022-01-19T16:00:00Z,0,273,273,1
2022-01-19T17:00:00Z,239,4,243,1
2022-01-19T18:00:00Z,151,0,151,1
2022-01-19T19:00:00Z,115,0,115,1
2022-01-19T20:00:00Z,116,0,116,1
2022-01-19T21:00:00Z,728,0,728,1
2022-01-19T22:00:00Z,813,0,813,0
2022-01-19T23:00:00Z,299,0,299,0
2022-01-20T00:00:00Z,334,0,334,0
2022-01-20T01:00:00Z,1,271,272,0
2022-01-20T02:00:00Z,0,249,249,0
2022-01-20T03:00:00Z,0,400,400,0
2022-01-20T04:00:00Z,0,170,170,0
2022-01-20T05:00:00Z,0,425,425,0
2022-01-20T06:00:00Z,0,462,462,1
2022-01-20T07:00:00Z,0,415,415,1
2022-01-20T08:00:00Z,0,527,527,1
2022-01-20T09:00:00Z,0,290,290,1
2022-01-20T10:00:00Z,0,339,339,1
2022-01-20T11:00:00Z,0,542,542,1
2022-01-20T12:00:00Z,0,1062,1062,1
2022-01-20T13:00:00Z,0,432,432,1
2022-01-20T14:00:00Z,0,359,359,1
2022-01-20T15:00:00Z,0,257,257,1
2022-01-20T16:00:00Z,0,647,647,1
2022-01-20T17:00:00Z,214,1,215,1
2022-01-20T18:00:00Z,139,0,139,1
2022-01-20T19:00:00Z,280,0,280,1
2022-01-20T20:00:00Z,739,0,739,1
2022-01-20T21:00:00Z,429,0,429,1
2022-01-20T22:00:00Z,727,0,727,0
2022-01-20T23:00:00Z,156,0,156,0
2022-01-21T00:00:00Z,193,0,193,0
2022-01-21T01:00:00Z,1,456,457,0
2022-01-21T02:00:00Z,0,301,301,0
2022-01-21T03:00:00Z,0,359,359,0
2022-01-21T04:00:00Z,0,363,363,0
2022-01-21T05:00:00Z,0,417,417,0
2022-01-21T06:00:00Z,0,649,649,1
2022-01-21T07:00:00Z,0,523,523,1
2022-01-21T08:00:00Z,0,351,351,1
2022-01-21T09:00:00Z,0,936,936,1
2022-01-21T10:00:00Z,0,568,568,1
2022-01-21T11:00:00Z,0,593,593,1
2022-01-21T12:00:00Z,0,2491,2491,1
2022-01-21T13:00:00Z,0,776,776,1
2022-01-21T14:00:00Z,0,249,249,1
2022-01-21T15:00:00Z,0,261,261,1
2022-01-21T16:00:00Z,0,229,229,1
2022-01-21T17:00:00Z,293,1,294,1
2022-01-21T18:00:00Z,149,0,149,1
2022-01-21T19:00:00Z,106,0,106,1
2022-01-21T20:00:00Z,128,0,128,1
2022-01-21T21:00:00Z,772,0,772,1
2022-01-21T22:00:00Z,847,0,847,0
2022-01-21T23:00:00Z,249,0,249,0
2022-01-22T00:00:00Z,171,0,171,0
2022-01-22T01:00:00Z,1,257,258,0
2022-01-22T02:00:00Z,0,710,710,0
2022-01-22T03:00:00Z,0,411,411,0
2022-01-22T04:00:00Z,0,692,692,0
2022-01-22T05:00:00Z,0,2194,2194,0
2022-01-22T06:00:00Z,0,1601,1601,1
2022-01-22T07:00:00Z,0,316,316,1
2022-01-22T08:00:00Z,0,1724,1724,1
2022-01-22T09:00:00Z,0,821,821,1
2022-01-22T10:00:00Z,0,343,343,1
2022-01-22T11:00:00Z,0,331,331,1
2022-01-22T12:00:00Z,0,709,709,1
2022-01-22T13:00:00Z,0,608,608,1
2022-01-22T14:00:00Z,0,265,265,1
2022-01-22T15:00:00Z,0,234,234,1
2022-01-22T16:00:00Z,0,458,458,1
2022-01-22T17:00:00Z,182,1,183,1
2022-01-22T18:00:00Z,127,0,127,1
2022-01-22T19:00:00Z,143,0,143,1
2022-01-22T20:00:00Z,108,0,108,1
2022-01-22T21:00:00Z,142,0,142,1
2022-01-22T22:00:00Z,152,0,152,0
2022-01-22T23:00:00Z,135,0,135,0
2022-01-23T00:00:00Z,161,0,161,0
2022-01-23T01:00:00Z,137,0,137,0
2022-01-23T02:00:00Z,930,0,930,0
2022-01-23T03:00:00Z,1185,0,1185,0
2022-01-23T04:00:00Z,1434,0,1434,0
2022-01-23T05:00:00Z,354,0,354,0
2022-01-23T06:00:00Z,2443,0,2443,1
2022-01-23T07:00:00Z,1484,0,1484,1
2022-01-23T08:00:00Z,1390,0,1390,1
2022-01-23T09:00:00Z,2307,0,2307,1
2022-01-23T10:00:00Z,982,0,982,1
2022-01-23T11:00:00Z,1675,0,1675,1
2022-01-23T12:00:00Z,3218,0,3218,1
2022-01-23T13:00:00Z,921,0,921,1
2022-01-23T14:00:00Z,845,0,845,1
2022-01-23T15:00:00Z,226,0,226,1
2022-01-23T16:00:00Z,271,0,271,1
2022-01-23T17:00:00Z,230,0,230,1
2022-01-23T18:00:00Z,144,0,144,1
2022-01-23T19:00:00Z,108,0,108,1
2022-01-23T20:00:00Z,127,0,127,1
2022-01-23T21:00:00Z,680,0,680,1
2022-01-23T22:00:00Z,653,0,653,0
2022-01-23T23:00:00Z,424,0,424,0
2022-01-24T00:00:00Z,153,0,153,0
2022-01-24T01:00:00Z,230,0,230,0
2022-01-24T02:00:00Z,1530,0,1530,0
2022-01-24T03:00:00Z,435,0,435,0
2022-01-24T04:00:00Z,342,0,342,0
2022-01-24T05:00:00Z,359,0,359,0
2022-01-24T06:00:00Z,284,0,284,1
2022-01-24T07:00:00Z,1013,0,1013,1
2022-01-24T08:00:00Z,283,0,283,1
2022-01-24T09:00:00Z,310,0,310,1
2022-01-24T10:00:00Z,261,0,261,1
2022-01-24T11:00:00Z,2078,0,2078,1
2022-01-24T12:00:00Z,523,0,523,1
2022-01-24T13:00:00Z,233,0,233,1
2022-01-24T14:00:00Z,230,0,230,1
2022-01-24T15:00:00Z,255,0,255,1
2022-01-24T16:00:00Z,197,0,197,1
2022-01-24T17:00:00Z,138,0,138,1
2022-01-24T18:00:00Z,125,0,125,1
2022-01-24T19:00:00Z,127,0,127,1
2022-01-24T20:00:00Z,633,0,633,1
2022-01-24T21:00:00Z,382,0,382,1
2022-01-24T22:00:00Z,714,0,714,0
2022-01-24T23:00:00Z,175,0,175,0
2022-01-25T00:00:00Z,167,0,167,0
2022-01-25T01:00:00Z,0,377,377,0
2022-01-25T02:00:00Z,0,280,280,0
2022-01-25T03:00:00Z,0,269,269,0
2022-01-25T04:00:00Z,0,296,296,0
2022-01-25T05:00:00Z,0,301,301,0
2022-01-25T06:00:00Z,0,289,289,1
2022-01-25T07:00:00Z,0,282,282,1
2022-01-25T08:00:00Z,0,298,298,1
2022-01-25T09:00:00Z,0,272,272,1
2022-01-25T10:00:00Z,0,376,376,1
2022-01-25T11:00:00Z,0,427,427,1
2022-01-25T12:00:00Z,0,847,847,1
2022-01-25T13:00:00Z,0,387,387,1
2022-01-25T14:00:00Z,0,252,252,1
2022-01-25T15:00:00Z,0,241,241,1
2022-01-25T16:00:00Z,0,251,251,1
2022-01-25T17:00:00Z,160,0,160,1
2022-01-25T18:00:00Z,138,0,138,1
2022-01-25T19:00:00Z,137,0,137,1
2022-01-25T20:00:00Z,113,0,113,1
2022-01-25T21:00:00Z,911,0,911,1
2022-01-25T22:00:00Z,748,0,748,0
2022-01-25T23:00:00Z,173,0,173,0
2022-01-26T00:00:00Z,179,0,179,0
2022-01-26T01:00:00Z,1,425,426,0
2022-01-26T02:00:00Z,0,308,308,0
2022-01-26T03:00:00Z,0,284,284,0
2022-01-26T04:00:00Z,0,275,275,0
2022-01-26T05:00:00Z,0,338,338,0
2022-01-26T06:00:00Z,0,318,318,1
2022-01-26T07:00:00Z,0,310,310,1
2022-01-26T08:00:00Z,0,264,264,1
2022-01-26T09:00:00Z,0,256,256,1
2022-01-26T10:00:00Z,0,258,258,1
2022-01-26T11:00:00Z,0,292,292,1
2022-01-26T12:00:00Z,0,1442,1442,1
2022-01-26T13:00:00Z,0,250,250,1
2022-01-26T14:00:00Z,0,231,231,1
2022-01-26T15:00:00Z,0,224,224,1
2022-01-26T16:00:00Z,0,240,240,1
2022-01-26T17:00:00Z,227,0,227,1
2022-01-26T18:00:00Z,124,0,124,1
2022-01-26T19:00:00Z,119,0,119,1
2022-01-26T20:00:00Z,129,0,129,1
2022-01-26T21:00:00Z,688,0,688,1
2022-01-26T22:00:00Z,473,0,473,0
2022-01-26T23:00:00Z,655,0,655,0
2022-01-27T00:00:00Z,290,0,290,0
2022-01-27T01:00:00Z,0,294,294,0
2022-01-27T02:00:00Z,0,346,346,0
2022-01-27T03:00:00Z,0,278,278,0
2022-01-27T04:00:00Z,0,248,248,0
2022-01-27T05:00:00Z,0,944,944,0
2022-01-27T06:00:00Z,0,183,183,1
2022-01-27T07:00:00Z,0,133,133,1
2022-01-27T08:00:00Z,0,362,362,1
2022-01-27T09:00:00Z,0,294,294,1
2022-01-27T10:00:00Z,0,654,654,1
2022-01-27T11:00:00Z,0,611,611,1
2022-01-27T12:00:00Z,0,795,795,1
2022-01-27T13:00:00Z,0,235,235,1
2022-01-27T14:00:00Z,0,235,235,1
2022-01-27T15:00:00Z,0,227,227,1
2022-01-27T16:00:00Z,0,274,274,1
2022-01-27T17:00:00Z,147,0,147,1
2022-01-27T18:00:00Z,117,0,117,1
2022-01-27T19:00:00Z,116,0,116,1
2022-01-27T20:00:00Z,476,0,476,1
2022-01-27T21:00:00Z,579,0,579,1
2022-01-27T22:00:00Z,739,0,739,0
2022-01-27T23:00:00Z,163,0,163,0
2022-01-28T00:00:00Z,163,0,163,0
2022-01-28T01:00:00Z,1,431,432,0
2022-01-28T02:00:00Z,0,352,352,0
2022-01-28T03:00:00Z,0,260,260,0
2022-01-28T04:00:00Z,0,287,287,0
2022-01-28T05:00:00Z,0,276,276,0
2022-01-28T06:00:00Z,0,724,724,1
2022-01-28T07:00:00Z,0,506,506,1
2022-01-28T08:00:00Z,0,941,941,1
2022-01-28T09:00:00Z,0,214,214,1
2022-01-28T10:00:00Z,0,724,724,1
2022-01-28T11:00:00Z,0,1044,1044,1
2022-01-28T12:00:00Z,0,1439,1439,1
2022-01-28T13:00:00Z,0,569,569,1
2022-01-28T14:00:00Z,0,222,222,1
2022-01-28T15:00:00Z,0,218,218,1
2022-01-28T16:00:00Z,0,321,321,1
2022-01-28T17:00:00Z,171,0,171,1
2022-01-28T18:00:00Z,117,0,117,1
2022-01-28T19:00:00Z,136,0,136,1
2022-01-28T20:00:00Z,132,0,132,1
2022-01-28T21:00:00Z,516,0,516,1
2022-01-28T22:00:00Z,645,0,645,0
2022-01-28T23:00:00Z,154,0,154,0
2022-01-29T00:00:00Z,195,0,195,0
2022-01-29T01:00:00Z,0,433,433,0
2022-01-29T02:00:00Z,0,225,225,0
2022-01-29T03:00:00Z,0,1113,1113,0
2022-01-29T04:00:00Z,0,408,408,0
2022-01-29T05:00:00Z,0,473,473,0
2022-01-29T06:00:00Z,0,265,265,1
2022-01-29T07:00:00Z,0,320,320,1
2022-01-29T08:00:00Z,0,217,217,1
2022-01-29T09:00:00Z,0,151,151,1
2022-01-29T10:00:00Z,0,431,431,1
2022-01-29T11:00:00Z,0,449,449,1
2022-01-29T12:00:00Z,0,2019,2019,1
2022-01-29T13:00:00Z,0,245,245,1
2022-01-29T14:00:00Z,0,556,556,1
2022-01-29T15:00:00Z,0,239,239,1
2022-01-29T16:00:00Z,0,279,279,1
2022-01-29T17:00:00Z,150,0,150,1
2022-01-29T18:00:00Z,115,0,115,1
2022-01-29T19:00:00Z,114,0,114,1
2022-01-29T20:00:00Z,716,0,716,1
2022-01-29T21:00:00Z,593,0,593,1
2022-01-29T22:00:00Z,486,0,486,0
2022-01-29T23:00:00Z,141,0,141,0
2022-01-30T00:00:00Z,306,0,306,0
2022-01-30T01:00:00Z,331,0,331,0
2022-01-30T02:00:00Z,680,0,680,0
2022-01-30T03:00:00Z,444,0,444,0
2022-01-30T04:00:00Z,1115,0,1115,0
2022-01-30T05:00:00Z,395,0,395,0
2022-01-30T06:00:00Z,144,0,144,1
2022-01-30T07:00:00Z,136,0,136,1
2022-01-30T08:00:00Z,133,0,133,1
2022-01-30T09:00:00Z,453,0,453,1
2022-01-30T10:00:00Z,2111,0,2111,1
2022-01-30T11:00:00Z,260,0,260,1
2022-01-30T12:00:00Z,2324,0,2324,1
2022-01-30T13:00:00Z,417,0,417,1
2022-01-30T14:00:00Z,238,0,238,1
2022-01-30T15:00:00Z,268,0,268,1
2022-01-30T16:00:00Z,364,0,364,1
2022-01-30T17:00:00Z,154,0,154,1
2022-01-30T18:00:00Z,111,0,111,1
2022-01-30T19:00:00Z,126,0,126,1
2022-01-30T20:00:00Z,127,0,127,1
2022-01-30T21:00:00Z,891,0,891,1
2022-01-30T22:00:00Z,714,0,714,0
2022-01-30T23:00:00Z,139,0,139,0
2022-01-31T00:00:00Z,162,0,162,0
2022-01-31T01:00:00Z,477,0,477,0
2022-01-31T02:00:00Z,2110,0,2110,0
2022-01-31T03:00:00Z,1049,0,1049,0
2022-01-31T04:00:00Z,1358,0,1358,0
2022-01-31T05:00:00Z,539,0,539,0
2022-01-31T06:00:00Z,167,0,167,1
2022-01-31T07:00:00Z,2410,0,2410,1
2022-01-31T08:00:00Z,426,0,426,1
2022-01-31T09:00:00Z,363,0,363,1
2022-01-31T10:00:00Z,309,0,309,1
2022-01-31T11:00:00Z,768,0,768,1
2022-01-31T12:00:00Z,2288,0,2288,1
2022-01-31T13:00:00Z,259,0,259,1
2022-01-31T14:00:00Z,246,0,246,1
2022-01-31T15:00:00Z,235,0,235,1
2022-01-31T16:00:00Z,394,0,394,1
2022-01-31T17:00:00Z,144,0,144,1
2022-01-31T18:00:00Z,127,0,127,1
2022-01-31T19:00:00Z,121,0,121,1
2022-01-31T20:00:00Z,514,0,514,1
2022-01-31T21:00:00Z,548,0,548,1
2022-01-31T22:00:00Z,755,0,755,0
2022-01-31T23:00:00Z,159,0,159,0
2022-02-01T00:00:00Z,183,0,183,0
2022-02-01T01:00:00Z,0,374,374,0
2022-02-01T02:00:00Z,0,121,121,0
2022-02-01T03:00:00Z,0,122,122,0
2022-02-01T04:00:00Z,0,123,123,0
2022-02-01T05:00:00Z,0,120,120,0
2022-02-01T06:00:00Z,0,98,98,1
2022-02-01T07:00:00Z,0,115,115,1
2022-02-01T08:00:00Z,0,118,118,1
2022-02-01T09:00:00Z,0,170,170,1
2022-02-01T10:00:00Z,0,141,141,1
2022-02-01T11:00:00Z,0,193,193,1
2022-02-01T12:00:00Z,0,542,542,1
2022-02-01T13:00:00Z,0,501,501,1
2022-02-01T14:00:00Z,0,278,278,1
2022-02-01T15:00:00Z,0,259,259,1
2022-02-01T16:00:00Z,0,301,301,1
2022-02-01T17:00:00Z,161,1,162,1
2022-02-01T18:00:00Z,124,0,124,1
2022-02-01T19:00:00Z,108,0,108,1
2022-02-01T20:00:00Z,266,0,266,1
2022-02-01T21:00:00Z,784,0,784,1
2022-02-01T22:00:00Z,741,0,741,0
2022-02-01T23:00:00Z,142,0,142,0
2022-02-02T00:00:00Z,188,0,188,0
2022-02-02T01:00:00Z,1,440,441,0
2022-02-02T02:00:00Z,0,136,136,0
2022-02-02T03:00:00Z,0,103,103,0
2022-02-02T04:00:00Z,0,104,104,0
2022-02-02T05:00:00Z,0,124,124,0
2022-02-02T06:00:00Z,0,123,123,1
2022-02-02T07:00:00Z,0,89,89,1
2022-02-02T08:00:00Z,0,124,124,1
2022-02-02T09:00:00Z,0,166,166,1
2022-02-02T10:00:00Z,0,141,141,1
2022-02-02T11:00:00Z,0,254,254,1
2022-02-02T12:00:00Z,0,967,967,1
2022-02-02T13:00:00Z,0,683,683,1
2022-02-02T14:00:00Z,0,334,334,1
2022-02-02T15:00:00Z,0,223,223,1
2022-02-02T16:00:00Z,0,371,371,1
2022-02-02T17:00:00Z,152,0,152,1
2022-02-02T18:00:00Z,133,0,133,1
2022-02-02T19:00:00Z,126,0,126,1
2022-02-02T20:00:00Z,438,0,438,1
2022-02-02T21:00:00Z,603,0,603,1
2022-02-02T22:00:00Z,759,0,759,0
2022-02-02T23:00:00Z,161,0,161,0
2022-02-03T00:00:00Z,289,0,289,0
2022-02-03T01:00:00Z,0,145,145,0
2022-02-03T02:00:00Z,0,262,262,0
2022-02-03T03:00:00Z,0,442,442,0
2022-02-03T04:00:00Z,0,283,283,0
2022-02-03T05:00:00Z,0,625,625,0
2022-02-03T06:00:00Z,0,359,359,1
2022-02-03T07:00:00Z,0,304,304,1
2022-02-03T08:00:00Z,0,123,123,1
2022-02-03T09:00:00Z,0,167,167,1
2022-02-03T10:00:00Z,0,334,334,1
2022-02-03T11:00:00Z,0,738,738,1
2022-02-03T12:00:00Z,0,468,468,1
2022-02-03T13:00:00Z,0,371,371,1
2022-02-03T14:00:00Z,0,243,243,1
2022-02-03T15:00:00Z,0,225,225,1
2022-02-03T16:00:00Z,0,319,319,1
2022-02-03T17:00:00Z,149,0,149,1
2022-02-03T18:00:00Z,127,0,127,1
2022-02-03T19:00:00Z,125,0,125,1
2022-02-03T20:00:00Z,374,0,374,1
2022-02-03T21:00:00Z,666,0,666,1
2022-02-03T22:00:00Z,738,0,738,0
2022-02-03T23:00:00Z,141,0,141,0
2022-02-04T00:00:00Z,178,0,178,0
2022-02-04T01:00:00Z,0,323,323,0
2022-02-04T02:00:00Z,0,263,263,0
2022-02-04T03:00:00Z,0,309,309,0
2022-02-04T04:00:00Z,0,287,287,0
2022-02-04T05:00:00Z,0,314,314,0
2022-02-04T06:00:00Z,0,207,207,1
2022-02-04T07:00:00Z,0,174,174,1
2022-02-04T08:00:00Z,0,179,179,1
2022-02-04T09:00:00Z,0,195,195,1
2022-02-04T10:00:00Z,0,170,170,1
2022-02-04T11:00:00Z,0,195,195,1
2022-02-04T12:00:00Z,0,603,603,1
2022-02-04T13:00:00Z,0,601,601,1
2022-02-04T14:00:00Z,0,219,219,1
2022-02-04T15:00:00Z,0,216,216,1
2022-02-04T16:00:00Z,0,306,306,1
2022-02-04T17:00:00Z,227,0,227,1
2022-02-04T18:00:00Z,132,0,132,1
2022-02-04T19:00:00Z,124,0,124,1
2022-02-04T20:00:00Z,109,0,109,1
2022-02-04T21:00:00Z,761,0,761,1
2022-02-04T22:00:00Z,812,0,812,0
2022-02-04T23:00:00Z,259,0,259,0
2022-02-05T00:00:00Z,141,0,141,0
2022-02-05T01:00:00Z,0,495,495,0
2022-02-05T02:00:00Z,0,377,377,0
2022-02-05T03:00:00Z,0,285,285,0
2022-02-05T04:00:00Z,0,342,342,0
2022-02-05T05:00:00Z,0,386,386,0
2022-02-05T06:00:00Z,0,306,306,1
2022-02-05T07:00:00Z,0,152,152,1
2022-02-05T08:00:00Z,0,434,434,1
2022-02-05T09:00:00Z,0,416,416,1
2022-02-05T10:00:00Z,0,250,250,1
2022-02-05T11:00:00Z,0,271,271,1
2022-02-05T12:00:00Z,0,266,266,1
2022-02-05T13:00:00Z,0,242,242,1
2022-02-05T14:00:00Z,0,936,936,1
2022-02-05T15:00:00Z,0,243,243,1
2022-02-05T16:00:00Z,0,263,263,1
2022-02-05T17:00:00Z,914,1,915,1
2022-02-05T18:00:00Z,743,0,743,1
2022-02-05T19:00:00Z,131,0,131,1
2022-02-05T20:00:00Z,122,0,122,1
2022-02-05T21:00:00Z,101,0,101,1
2022-02-05T22:00:00Z,120,0,120,0
2022-02-05T23:00:00Z,167,0,167,0
2022-02-06T00:00:00Z,160,0,160,0
2022-02-06T01:00:00Z,341,0,341,0
2022-02-06T02:00:00Z,370,0,370,0
2022-02-06T03:00:00Z,792,0,792,0
2022-02-06T04:00:00Z,333,0,333,0
2022-02-06T05:00:00Z,736,0,736,0
2022-02-06T06:00:00Z,1827,0,1827,1
2022-02-06T07:00:00Z,725,0,725,1
2022-02-06T08:00:00Z,2481,0,2481,1
2022-02-06T09:00:00Z,544,0,544,1
2022-02-06T10:00:00Z,681,0,681,1
2022-02-06T11:00:00Z,1913,0,1913,1
2022-02-06T12:00:00Z,445,0,445,1
2022-02-06T13:00:00Z,764,0,764,1
2022-02-06T14:00:00Z,227,0,227,1
2022-02-06T15:00:00Z,218,0,218,1
2022-02-06T16:00:00Z,207,0,207,1
2022-02-06T17:00:00Z,373,0,373,1
2022-02-06T18:00:00Z,141,0,141,1
2022-02-06T19:00:00Z,128,0,128,1
2022-02-06T20:00:00Z,126,0,126,1
2022-02-06T21:00:00Z,651,0,651,1
2022-02-06T22:00:00Z,402,0,402,0
2022-02-06T23:00:00Z,737,0,737,0
2022-02-07T00:00:00Z,148,0,148,0
2022-02-07T01:00:00Z,239,0,239,0
2022-02-07T02:00:00Z,259,0,259,0
2022-02-07T03:00:00Z,284,0,284,0
2022-02-07T04:00:00Z,370,0,370,0
2022-02-07T05:00:00Z,2139,0,2139,0
2022-02-07T06:00:00Z,1123,0,1123,1
2022-02-07T07:00:00Z,354,0,354,1
2022-02-07T08:00:00Z,474,0,474,1
2022-02-07T09:00:00Z,2185,0,2185,1
2022-02-07T10:00:00Z,604,0,604,1
2022-02-07T11:00:00Z,233,0,233,1
2022-02-07T12:00:00Z,817,0,817,1
2022-02-07T13:00:00Z,251,0,251,1
2022-02-07T14:00:00Z,508,0,508,1
2022-02-07T15:00:00Z,253,0,253,1
2022-02-07T16:00:00Z,249,0,249,1
2022-02-07T17:00:00Z,141,0,141,1
2022-02-07T18:00:00Z,125,0,125,1
2022-02-07T19:00:00Z,111,0,111,1
2022-02-07T20:00:00Z,572,0,572,1
2022-02-07T21:00:00Z,479,0,479,1
2022-02-07T22:00:00Z,739,0,739,0
2022-02-07T23:00:00Z,149,0,149,0
2022-02-08T00:00:00Z,207,0,207,0
2022-02-08T01:00:00Z,0,428,428,0
2022-02-08T02:00:00Z,0,292,292,0
2022-02-08T03:00:00Z,0,334,334,0
2022-02-08T04:00:00Z,0,353,353,0
2022-02-08T05:00:00Z,0,349,349,0
2022-02-08T06:00:00Z,0,343,343,1
2022-02-08T07:00:00Z,0,311,311,1
2022-02-08T08:00:00Z,0,316,316,1
2022-02-08T09:00:00Z,0,289,289,1
2022-02-08T10:00:00Z,0,249,249,1
2022-02-08T11:00:00Z,0,416,416,1
2022-02-08T12:00:00Z,0,888,888,1
2022-02-08T13:00:00Z,0,339,339,1
2022-02-08T14:00:00Z,0,236,236,1
2022-02-08T15:00:00Z,0,231,231,1
2022-02-08T16:00:00Z,0,430,430,1
2022-02-08T17:00:00Z,173,0,173,1
2022-02-08T18:00:00Z,113,0,113,1
2022-02-08T19:00:00Z,111,0,111,1
2022-02-08T20:00:00Z,240,0,240,1
2022-02-08T21:00:00Z,823,0,823,1
2022-02-08T22:00:00Z,772,0,772,0
2022-02-08T23:00:00Z,156,0,156,0
2022-02-09T00:00:00Z,254,0,254,0
2022-02-09T01:00:00Z,0,379,379,0
2022-02-09T02:00:00Z,0,241,241,0
2022-02-09T03:00:00Z,0,285,285,0
2022-02-09T04:00:00Z,0,284,284,0
2022-02-09T05:00:00Z,0,299,299,0
2022-02-09T06:00:00Z,0,221,221,1
2022-02-09T07:00:00Z,0,341,341,1
2022-02-09T08:00:00Z,0,309,309,1
2022-02-09T09:00:00Z,0,294,294,1
2022-02-09T10:00:00Z,0,326,326,1
2022-02-09T11:00:00Z,0,334,334,1
2022-02-09T12:00:00Z,0,1354,1354,1
2022-02-09T13:00:00Z,0,390,390,1
2022-02-09T14:00:00Z,0,230,230,1
2022-02-09T15:00:00Z,0,217,217,1
2022-02-09T16:00:00Z,0,395,395,1
2022-02-09T17:00:00Z,154,0,154,1
2022-02-09T18:00:00Z,128,0,128,1
2022-02-09T19:00:00Z,129,0,129,1
2022-02-09T20:00:00Z,571,0,571,1
2022-02-09T21:00:00Z,464,0,464,1
2022-02-09T22:00:00Z,718,0,718,0
2022-02-09T23:00:00Z,175,0,175,0
2022-02-10T00:00:00Z,392,0,392,0
2022-02-10T01:00:00Z,0,389,389,0
2022-02-10T02:00:00Z,0,270,270,0
2022-02-10T03:00:00Z,0,113,113,0
2022-02-10T04:00:00Z,0,121,121,0
2022-02-10T05:00:00Z,0,585,585,0
2022-02-10T06:00:00Z,0,282,282,1
2022-02-10T07:00:00Z,0,363,363,1
2022-02-10T08:00:00Z,0,271,271,1
2022-02-10T09:00:00Z,0,300,300,1
2022-02-10T10:00:00Z,0,431,431,1
2022-02-10T11:00:00Z,0,169,169,1
2022-02-10T12:00:00Z,0,1539,1539,1
2022-02-10T13:00:00Z,0,451,451,1
2022-02-10T14:00:00Z,0,348,348,1
2022-02-10T15:00:00Z,0,643,643,1
2022-02-10T16:00:00Z,0,586,586,1
2022-02-10T17:00:00Z,178,1,179,1
2022-02-10T18:00:00Z,122,0,122,1
2022-02-10T19:00:00Z,115,0,115,1
2022-02-10T20:00:00Z,605,0,605,1
2022-02-10T21:00:00Z,483,0,483,1
2022-02-10T22:00:00Z,760,0,760,0
2022-02-10T23:00:00Z,146,0,146,0
2022-02-11T00:00:00Z,227,0,227,0
2022-02-11T01:00:00Z,6,421,427,0
2022-02-11T02:00:00Z,0,331,331,0
2022-02-11T03:00:00Z,0,305,305,0
2022-02-11T04:00:00Z,0,337,337,0
2022-02-11T05:00:00Z,0,348,348,0
2022-02-11T06:00:00Z,0,620,620,1
2022-02-11T07:00:00Z,0,322,322,1
2022-02-11T08:00:00Z,0,257,257,1
2022-02-11T09:00:00Z,0,263,263,1
2022-02-11T10:00:00Z,0,242,242,1
2022-02-11T11:00:00Z,0,314,314,1
2022-02-11T12:00:00Z,0,239,239,1
2022-02-11T13:00:00Z,0,946,946,1
2022-02-11T14:00:00Z,0,359,359,1
2022-02-11T15:00:00Z,0,231,231,1
2022-02-11T16:00:00Z,0,228,228,1
2022-02-11T17:00:00Z,379,1,380,1
2022-02-11T18:00:00Z,213,0,213,1
2022-02-11T19:00:00Z,132,0,132,1
2022-02-11T20:00:00Z,119,0,119,1
2022-02-11T21:00:00Z,570,0,570,1
2022-02-11T22:00:00Z,480,0,480,0
2022-02-11T23:00:00Z,865,0,865,0
2022-02-12T00:00:00Z,282,0,282,0
2022-02-12T01:00:00Z,0,348,348,0
2022-02-12T02:00:00Z,0,269,269,0
2022-02-12T03:00:00Z,0,456,456,0
2022-02-12T04:00:00Z,0,334,334,0
2022-02-12T05:00:00Z,0,383,383,0
2022-02-12T06:00:00Z,0,309,309,1
2022-02-12T07:00:00Z,0,299,299,1
2022-02-12T08:00:00Z,0,215,215,1
2022-02-12T09:00:00Z,0,319,319,1
2022-02-12T10:00:00Z,0,427,427,1
2022-02-12T11:00:00Z,0,431,431,1
2022-02-12T12:00:00Z,0,894,894,1
2022-02-12T13:00:00Z,0,310,310,1
2022-02-12T14:00:00Z,0,250,250,1
2022-02-12T15:00:00Z,0,236,236,1
2022-02-12T16:00:00Z,0,346,346,1
2022-02-12T17:00:00Z,159,0,159,1
2022-02-12T18:00:00Z,112,0,112,1
2022-02-12T19:00:00Z,114,0,114,1
2022-02-12T20:00:00Z,371,0,371,1
2022-02-12T21:00:00Z,710,0,710,1
2022-02-12T22:00:00Z,747,0,747,0
2022-02-12T23:00:00Z,161,0,161,0
2022-02-13T00:00:00Z,160,0,160,0
2022-02-13T01:00:00Z,383,0,383,0
2022-02-13T02:00:00Z,672,0,672,0
2022-02-13T03:00:00Z,394,0,394,0
2022-02-13T04:00:00Z,2423,0,2423,0
2022-02-13T05:00:00Z,152,0,152,0
2022-02-13T06:00:00Z,137,0,137,1
2022-02-13T07:00:00Z,124,0,124,1
2022-02-13T08:00:00Z,136,0,136,1
2022-02-13T09:00:00Z,135,0,135,1
2022-02-13T10:00:00Z,2268,0,2268,1
2022-02-13T11:00:00Z,1751,0,1751,1
2022-02-13T12:00:00Z,2561,0,2561,1
2022-02-13T13:00:00Z,564,0,564,1
2022-02-13T14:00:00Z,238,0,238,1
2022-02-13T15:00:00Z,238,0,238,1
2022-02-13T16:00:00Z,255,0,255,1
2022-02-13T17:00:00Z,147,0,147,1
2022-02-13T18:00:00Z,116,0,116,1
2022-02-13T19:00:00Z,127,0,127,1
2022-02-13T20:00:00Z,447,0,447,1
2022-02-13T21:00:00Z,610,0,610,1
2022-02-13T22:00:00Z,728,0,728,0
2022-02-13T23:00:00Z,147,0,147,0
2022-02-14T00:00:00Z,264,0,264,0
2022-02-14T01:00:00Z,280,0,280,0
2022-02-14T02:00:00Z,290,0,290,0
2022-02-14T03:00:00Z,1445,0,1445,0
2022-02-14T04:00:00Z,594,0,594,0
2022-02-14T05:00:00Z,398,0,398,0
2022-02-14T06:00:00Z,150,0,150,1
2022-02-14T07:00:00Z,141,0,141,1
2022-02-14T08:00:00Z,135,0,135,1
2022-02-14T09:00:00Z,118,0,118,1
2022-02-14T10:00:00Z,963,0,963,1
2022-02-14T11:00:00Z,1877,0,1877,1
2022-02-14T12:00:00Z,3369,0,3369,1
2022-02-14T13:00:00Z,436,0,436,1
2022-02-14T14:00:00Z,302,0,302,1
2022-02-14T15:00:00Z,518,0,518,1
2022-02-14T16:00:00Z,310,0,310,1
2022-02-14T17:00:00Z,140,0,140,1
2022-02-14T18:00:00Z,118,0,118,1
2022-02-14T19:00:00Z,110,0,110,1
2022-02-14T20:00:00Z,569,0,569,1
2022-02-14T21:00:00Z,471,0,471,1
2022-02-14T22:00:00Z,745,0,745,0
2022-02-14T23:00:00Z,153,0,153,0
2022-02-15T00:00:00Z,194,0,194,0
2022-02-15T01:00:00Z,1,1559,1560,0
2022-02-15T02:00:00Z,0,608,608,0
2022-02-15T03:00:00Z,0,290,290,0
2022-02-15T04:00:00Z,0,288,288,0
2022-02-15T05:00:00Z,0,277,277,0
2022-02-15T06:00:00Z,0,298,298,1
2022-02-15T07:00:00Z,0,308,308,1
2022-02-15T08:00:00Z,0,248,248,1
2022-02-15T09:00:00Z,0,238,238,1
2022-02-15T10:00:00Z,0,729,729,1
2022-02-15T11:00:00Z,0,924,924,1
2022-02-15T12:00:00Z,0,902,902,1
2022-02-15T13:00:00Z,0,237,237,1
2022-02-15T14:00:00Z,0,288,288,1
2022-02-15T15:00:00Z,0,240,240,1
2022-02-15T16:00:00Z,0,322,322,1
2022-02-15T17:00:00Z,204,1,205,1
2022-02-15T18:00:00Z,126,0,126,1
2022-02-15T19:00:00Z,131,0,131,1
2022-02-15T20:00:00Z,131,0,131,1
2022-02-15T21:00:00Z,728,0,728,1
2022-02-15T22:00:00Z,687,0,687,0
2022-02-15T23:00:00Z,446,0,446,0
2022-02-16T00:00:00Z,314,0,314,0
2022-02-16T01:00:00Z,1,608,609,0
2022-02-16T02:00:00Z,0,135,135,0
2022-02-16T03:00:00Z,0,121,121,0
2022-02-16T04:00:00Z,0,122,122,0
2022-02-16T05:00:00Z,0,102,102,0
2022-02-16T06:00:00Z,0,104,104,1
2022-02-16T07:00:00Z,0,116,116,1
2022-02-16T08:00:00Z,0,123,123,1
2022-02-16T09:00:00Z,0,126,126,1
2022-02-16T10:00:00Z,0,147,147,1
2022-02-16T11:00:00Z,0,470,470,1
2022-02-16T12:00:00Z,0,939,939,1
2022-02-16T13:00:00Z,0,906,906,1
2022-02-16T14:00:00Z,0,608,608,1
2022-02-16T15:00:00Z,0,856,856,1
2022-02-16T16:00:00Z,0,223,223,1
2022-02-16T17:00:00Z,213,1,214,1
2022-02-16T18:00:00Z,128,0,128,1
2022-02-16T19:00:00Z,126,0,126,1
2022-02-16T20:00:00Z,112,0,112,1
2022-02-16T21:00:00Z,104,0,104,1
2022-02-16T22:00:00Z,123,0,123,0
2022-02-16T23:00:00Z,171,0,171,0
2022-02-17T00:00:00Z,280,0,280,0
2022-02-17T01:00:00Z,1,497,498,0
2022-02-17T02:00:00Z,0,336,336,0
2022-02-17T03:00:00Z,0,148,148,0
2022-02-17T04:00:00Z,0,300,300,0
2022-02-17T05:00:00Z,0,327,327,0
2022-02-17T06:00:00Z,0,384,384,1
2022-02-17T07:00:00Z,0,291,291,1
2022-02-17T08:00:00Z,0,272,272,1
2022-02-17T09:00:00Z,0,266,266,1
2022-02-17T10:00:00Z,0,463,463,1
2022-02-17T11:00:00Z,0,1304,1304,1
2022-02-17T12:00:00Z,0,1222,1222,1
2022-02-17T13:00:00Z,0,348,348,1
2022-02-17T14:00:00Z,0,433,433,1
2022-02-17T15:00:00Z,0,249,249,1
2022-02-17T16:00:00Z,0,208,208,1
2022-02-17T17:00:00Z,127,0,127,1
2022-02-17T18:00:00Z,117,0,117,1
2022-02-17T19:00:00Z,116,0,116,1
2022-02-17T20:00:00Z,598,0,598,1
2022-02-17T21:00:00Z,483,0,483,1
2022-02-17T22:00:00Z,745,0,745,0
2022-02-17T23:00:00Z,166,0,166,0
2022-02-18T00:00:00Z,206,0,206,0
2022-02-18T01:00:00Z,0,433,433,0
2022-02-18T02:00:00Z,0,316,316,0
2022-02-18T03:00:00Z,0,340,340,0
2022-02-18T04:00:00Z,0,370,370,0
2022-02-18T05:00:00Z,0,311,311,0
2022-02-18T06:00:00Z,0,772,772,1
2022-02-18T07:00:00Z,0,326,326,1
2022-02-18T08:00:00Z,0,1336,1336,1
2022-02-18T09:00:00Z,0,309,309,1
2022-02-18T10:00:00Z,0,309,309,1
2022-02-18T11:00:00Z,0,757,757,1
2022-02-18T12:00:00Z,0,1571,1571,1
2022-02-18T13:00:00Z,0,298,298,1
2022-02-18T14:00:00Z,0,229,229,1
2022-02-18T15:00:00Z,0,357,357,1
2022-02-18T16:00:00Z,0,560,560,1
2022-02-18T17:00:00Z,195,0,195,1
2022-02-18T18:00:00Z,130,0,130,1
2022-02-18T19:00:00Z,124,0,124,1
2022-02-18T20:00:00Z,577,0,577,1
2022-02-18T21:00:00Z,463,0,463,1
2022-02-18T22:00:00Z,742,0,742,0
2022-02-18T23:00:00Z,157,0,157,0
2022-02-19T00:00:00Z,141,0,141,0
2022-02-19T01:00:00Z,0,357,357,0
2022-02-19T02:00:00Z,0,229,229,0
2022-02-19T03:00:00Z,0,255,255,0
2022-02-19T04:00:00Z,0,272,272,0
2022-02-19T05:00:00Z,0,289,289,0
2022-02-19T06:00:00Z,0,250,250,1
2022-02-19T07:00:00Z,0,239,239,1
2022-02-19T08:00:00Z,0,247,247,1
2022-02-19T09:00:00Z,0,348,348,1
2022-02-19T10:00:00Z,0,272,272,1
2022-02-19T11:00:00Z,0,308,308,1
2022-02-19T12:00:00Z,0,402,402,1
2022-02-19T13:00:00Z,0,266,266,1
2022-02-19T14:00:00Z,0,241,241,1
2022-02-19T15:00:00Z,0,225,225,1
2022-02-19T16:00:00Z,0,230,230,1
2022-02-19T17:00:00Z,132,0,132,1
2022-02-19T18:00:00Z,124,0,124,1
2022-02-19T19:00:00Z,125,0,125,1
2022-02-19T20:00:00Z,254,0,254,1
2022-02-19T21:00:00Z,754,0,754,1
2022-02-19T22:00:00Z,733,0,733,0
2022-02-19T23:00:00Z,153,0,153,0
2022-02-20T00:00:00Z,149,0,149,0
2022-02-20T01:00:00Z,193,0,193,0
2022-02-20T02:00:00Z,690,0,690,0
2022-02-20T03:00:00Z,359,0,359,0
2022-02-20T04:00:00Z,359,0,359,0
2022-02-20T05:00:00Z,2633,0,2633,0
2022-02-20T06:00:00Z,1175,0,1175,1
2022-02-20T07:00:00Z,631,0,631,1
2022-02-20T08:00:00Z,1479,0,1479,1
2022-02-20T09:00:00Z,2434,0,2434,1
2022-02-20T10:00:00Z,446,0,446,1
2022-02-20T11:00:00Z,1601,0,1601,1
2022-02-20T12:00:00Z,267,0,267,1
2022-02-20T13:00:00Z,968,0,968,1
2022-02-20T14:00:00Z,235,0,235,1
2022-02-20T15:00:00Z,228,0,228,1
2022-02-20T16:00:00Z,346,0,346,1
2022-02-20T17:00:00Z,163,0,163,1
2022-02-20T18:00:00Z,130,0,130,1
2022-02-20T19:00:00Z,109,0,109,1
2022-02-20T20:00:00Z,128,0,128,1
2022-02-20T21:00:00Z,835,0,835,1
2022-02-20T22:00:00Z,802,0,802,0
2022-02-20T23:00:00Z,171,0,171,0
2022-02-21T00:00:00Z,162,0,162,0
2022-02-21T01:00:00Z,132,0,132,0
2022-02-21T02:00:00Z,260,0,260,0
2022-02-21T03:00:00Z,963,0,963,0
2022-02-21T04:00:00Z,343,0,343,0
2022-02-21T05:00:00Z,637,0,637,0
2022-02-21T06:00:00Z,1421,0,1421,1
2022-02-21T07:00:00Z,1659,0,1659,1
2022-02-21T08:00:00Z,686,0,686,1
2022-02-21T09:00:00Z,288,0,288,1
2022-02-21T10:00:00Z,1904,0,1904,1
2022-02-21T11:00:00Z,734,0,734,1
2022-02-21T12:00:00Z,2259,0,2259,1
2022-02-21T13:00:00Z,736,0,736,1
2022-02-21T14:00:00Z,868,0,868,1
2022-02-21T15:00:00Z,605,0,605,1
2022-02-21T16:00:00Z,403,0,403,1
2022-02-21T17:00:00Z,153,0,153,1
2022-02-21T18:00:00Z,132,0,132,1
2022-02-21T19:00:00Z,111,0,111,1
2022-02-21T20:00:00Z,698,0,698,1
2022-02-21T21:00:00Z,683,0,683,1
2022-02-21T22:00:00Z,419,0,419,0
2022-02-21T23:00:00Z,156,0,156,0
2022-02-22T00:00:00Z,299,0,299,0
2022-02-22T01:00:00Z,0,452,452,0
2022-02-22T02:00:00Z,0,1203,1203,0
2022-02-22T03:00:00Z,0,236,236,0
2022-02-22T04:00:00Z,0,252,252,0
2022-02-22T05:00:00Z,0,794,794,0
2022-02-22T06:00:00Z,0,1334,1334,1
2022-02-22T07:00:00Z,0,414,414,1
2022-02-22T08:00:00Z,0,290,290,1
2022-02-22T09:00:00Z,0,156,156,1
2022-02-22T10:00:00Z,0,373,373,1
2022-02-22T11:00:00Z,0,192,192,1
2022-02-22T12:00:00Z,0,976,976,1
2022-02-22T13:00:00Z,0,555,555,1
2022-02-22T14:00:00Z,0,257,257,1
2022-02-22T15:00:00Z,0,233,233,1
2022-02-22T16:00:00Z,0,588,588,1
2022-02-22T17:00:00Z,169,1,170,1
2022-02-22T18:00:00Z,127,0,127,1
2022-02-22T19:00:00Z,126,0,126,1
2022-02-22T20:00:00Z,447,0,447,1
2022-02-22T21:00:00Z,624,0,624,1
2022-02-22T22:00:00Z,734,0,734,0
2022-02-22T23:00:00Z,163,0,163,0
2022-02-23T00:00:00Z,365,0,365,0
2022-02-23T01:00:00Z,2,529,531,0
2022-02-23T02:00:00Z,0,611,611,0
2022-02-23T03:00:00Z,0,323,323,0
2022-02-23T04:00:00Z,0,354,354,0
2022-02-23T05:00:00Z,0,228,228,0
2022-02-23T06:00:00Z,0,316,316,1
2022-02-23T07:00:00Z,0,259,259,1
2022-02-23T08:00:00Z,0,379,379,1
2022-02-23T09:00:00Z,0,313,313,1
2022-02-23T10:00:00Z,0,270,270,1
2022-02-23T11:00:00Z,0,295,295,1
2022-02-23T12:00:00Z,0,568,568,1
2022-02-23T13:00:00Z,0,1146,1146,1
2022-02-23T14:00:00Z,0,567,567,1
2022-02-23T15:00:00Z,0,830,830,1
2022-02-23T16:00:00Z,0,236,236,1
2022-02-23T17:00:00Z,607,1,608,1
2022-02-23T18:00:00Z,147,0,147,1
2022-02-23T19:00:00Z,116,0,116,1
2022-02-23T20:00:00Z,116,0,116,1
2022-02-23T21:00:00Z,116,0,116,1
2022-02-23T22:00:00Z,129,0,129,0
2022-02-23T23:00:00Z,167,0,167,0
2022-02-24T00:00:00Z,258,0,258,0
2022-02-24T01:00:00Z,1,200,201,0
2022-02-24T02:00:00Z,0,503,503,0
2022-02-24T03:00:00Z,0,719,719,0
2022-02-24T04:00:00Z,0,741,741,0
2022-02-24T05:00:00Z,0,747,747,0
2022-02-24T06:00:00Z,0,390,390,1
2022-02-24T07:00:00Z,0,131,131,1
2022-02-24T08:00:00Z,0,314,314,1
2022-02-24T09:00:00Z,0,1286,1286,1
2022-02-24T10:00:00Z,0,857,857,1
2022-02-24T11:00:00Z,0,926,926,1
2022-02-24T12:00:00Z,0,571,571,1
2022-02-24T13:00:00Z,0,235,235,1
2022-02-24T14:00:00Z,0,354,354,1
2022-02-24T15:00:00Z,0,266,266,1
2022-02-24T16:00:00Z,0,210,210,1
2022-02-24T17:00:00Z,129,1,130,1
2022-02-24T18:00:00Z,126,0,126,1
2022-02-24T19:00:00Z,127,0,127,1
2022-02-24T20:00:00Z,596,0,596,1
2022-02-24T21:00:00Z,464,0,464,1
2022-02-24T22:00:00Z,709,0,709,0
2022-02-24T23:00:00Z,164,0,164,0
2022-02-25T00:00:00Z,240,0,240,0
2022-02-25T01:00:00Z,1,519,520,0
2022-02-25T02:00:00Z,0,311,311,0
2022-02-25T03:00:00Z,0,255,255,0
2022-02-25T04:00:00Z,0,340,340,0
2022-02-25T05:00:00Z,0,391,391,0
2022-02-25T06:00:00Z,0,265,265,1
2022-02-25T07:00:00Z,0,321,321,1
2022-02-25T08:00:00Z,0,873,873,1
2022-02-25T09:00:00Z,0,256,256,1
2022-02-25T10:00:00Z,0,219,219,1
2022-02-25T11:00:00Z,0,261,261,1
2022-02-25T12:00:00Z,0,1239,1239,1
2022-02-25T13:00:00Z,0,380,380,1
2022-02-25T14:00:00Z,0,245,245,1
2022-02-25T15:00:00Z,0,218,218,1
2022-02-25T16:00:00Z,0,233,233,1
2022-02-25T17:00:00Z,134,1,135,1
2022-02-25T18:00:00Z,126,0,126,1
2022-02-25T19:00:00Z,129,0,129,1
2022-02-25T20:00:00Z,154,0,154,1
2022-02-25T21:00:00Z,863,0,863,1
2022-02-25T22:00:00Z,744,0,744,0
2022-02-25T23:00:00Z,172,0,172,0
2022-02-26T00:00:00Z,134,0,134,0
2022-02-26T01:00:00Z,0,413,413,0
2022-02-26T02:00:00Z,0,274,274,0
2022-02-26T03:00:00Z,0,1244,1244,0
2022-02-26T04:00:00Z,0,630,630,0
2022-02-26T05:00:00Z,0,376,376,0
2022-02-26T06:00:00Z,0,262,262,1
2022-02-26T07:00:00Z,0,1852,1852,1
2022-02-26T08:00:00Z,0,516,516,1
2022-02-26T09:00:00Z,0,263,263,1
2022-02-26T10:00:00Z,0,322,322,1
2022-02-26T11:00:00Z,0,389,389,1
2022-02-26T12:00:00Z,0,288,288,1
2022-02-26T13:00:00Z,0,257,257,1
2022-02-26T14:00:00Z,0,236,236,1
2022-02-26T15:00:00Z,0,235,235,1
2022-02-26T16:00:00Z,0,244,244,1
2022-02-26T17:00:00Z,187,0,187,1
2022-02-26T18:00:00Z,126,0,126,1
2022-02-26T19:00:00Z,108,0,108,1
2022-02-26T20:00:00Z,125,0,125,1
2022-02-26T21:00:00Z,797,0,797,1
2022-02-26T22:00:00Z,796,0,796,0
2022-02-26T23:00:00Z,187,0,187,0
2022-02-27T00:00:00Z,159,0,159,0
2022-02-27T01:00:00Z,322,0,322,0
2022-02-27T02:00:00Z,748,0,748,0
2022-02-27T03:00:00Z,649,0,649,0
2022-02-27T04:00:00Z,974,0,974,0
2022-02-27T05:00:00Z,2553,0,2553,0
2022-02-27T06:00:00Z,216,0,216,1
2022-02-27T07:00:00Z,132,0,132,1
2022-02-27T08:00:00Z,131,0,131,1
2022-02-27T09:00:00Z,772,0,772,1
2022-02-27T10:00:00Z,2375,0,2375,1
2022-02-27T11:00:00Z,565,0,565,1
2022-02-27T12:00:00Z,955,0,955,1
2022-02-27T13:00:00Z,264,0,264,1
2022-02-27T14:00:00Z,232,0,232,1
2022-02-27T15:00:00Z,235,0,235,1
2022-02-27T16:00:00Z,1906,0,1906,1
2022-02-27T17:00:00Z,556,0,556,1
2022-02-27T18:00:00Z,128,0,128,1
2022-02-27T19:00:00Z,107,0,107,1
2022-02-27T20:00:00Z,606,0,606,1
2022-02-27T21:00:00Z,437,0,437,1
2022-02-27T22:00:00Z,700,0,700,0
2022-02-27T23:00:00Z,147,0,147,0
2022-02-28T00:00:00Z,156,0,156,0
2022-02-28T01:00:00Z,302,0,302,0
2022-02-28T02:00:00Z,303,0,303,0
2022-02-28T03:00:00Z,1117,0,1117,0
2022-02-28T04:00:00Z,444,0,444,0
2022-02-28T05:00:00Z,698,0,698,0
2022-02-28T06:00:00Z,3021,0,3021,1
2022-02-28T07:00:00Z,694,0,694,1
2022-02-28T08:00:00Z,743,0,743,1
2022-02-28T09:00:00Z,3076,0,3076,1
2022-02-28T10:00:00Z,1033,0,1033,1
2022-02-28T11:00:00Z,332,0,332,1
2022-02-28T12:00:00Z,1231,0,1231,1
2022-02-28T13:00:00Z,426,0,426,1
2022-02-28T14:00:00Z,289,0,289,1
2022-02-28T15:00:00Z,268,0,268,1
2022-02-28T16:00:00Z,1619,0,1619,1
2022-02-28T17:00:00Z,149,0,149,1
2022-02-28T18:00:00Z,132,0,132,1
2022-02-28T19:00:00Z,114,0,114,1
2022-02-28T20:00:00Z,687,0,687,1
2022-02-28T21:00:00Z,685,0,685,1
2022-02-28T22:00:00Z,432,0,432,0
2022-02-28T23:00:00Z,135,0,135,0
2022-03-01T00:00:00Z,233,0,233,0
2022-03-01T01:00:00Z,0,467,467,0
2022-03-01T02:00:00Z,0,332,332,0
2022-03-01T03:00:00Z,0,481,481,0
2022-03-01T04:00:00Z,0,146,146,0
2022-03-01T05:00:00Z,0,418,418,0
2022-03-01T06:00:00Z,0,340,340,1
2022-03-01T07:00:00Z,0,311,311,1
2022-03-01T08:00:00Z,0,527,527,1
2022-03-01T09:00:00Z,0,290,290,1
2022-03-01T10:00:00Z,0,259,259,1
2022-03-01T11:00:00Z,0,1446,1446,1
2022-03-01T12:00:00Z,0,787,787,1
2022-03-01T13:00:00Z,0,259,259,1
2022-03-01T14:00:00Z,0,240,240,1
2022-03-01T15:00:00Z,0,262,262,1
2022-03-01T16:00:00Z,0,275,275,1
2022-03-01T17:00:00Z,141,0,141,1
2022-03-01T18:00:00Z,126,0,126,1
2022-03-01T19:00:00Z,101,0,101,1
2022-03-01T20:00:00Z,136,0,136,1
2022-03-01T21:00:00Z,901,0,901,1
2022-03-01T22:00:00Z,733,0,733,0
2022-03-01T23:00:00Z,154,0,154,0
2022-03-02T00:00:00Z,230,0,230,0
2022-03-02T01:00:00Z,1,242,243,0
2022-03-02T02:00:00Z,0,122,122,0
2022-03-02T03:00:00Z,0,97,97,0
2022-03-02T04:00:00Z,0,112,112,0
2022-03-02T05:00:00Z,0,123,123,0
2022-03-02T06:00:00Z,0,117,117,1
2022-03-02T07:00:00Z,0,106,106,1
2022-03-02T08:00:00Z,0,111,111,1
2022-03-02T09:00:00Z,0,153,153,1
2022-03-02T10:00:00Z,0,158,158,1
2022-03-02T11:00:00Z,0,513,513,1
2022-03-02T12:00:00Z,0,758,758,1
2022-03-02T13:00:00Z,0,261,261,1
2022-03-02T14:00:00Z,0,221,221,1
2022-03-02T15:00:00Z,0,224,224,1
2022-03-02T16:00:00Z,0,212,212,1
2022-03-02T17:00:00Z,379,0,379,1
2022-03-02T18:00:00Z,147,0,147,1
2022-03-02T19:00:00Z,113,0,113,1
2022-03-02T20:00:00Z,114,0,114,1
2022-03-02T21:00:00Z,592,0,592,1
2022-03-02T22:00:00Z,488,0,488,0
2022-03-02T23:00:00Z,741,0,741,0
2022-03-03T00:00:00Z,244,0,244,0
2022-03-03T01:00:00Z,0,328,328,0
2022-03-03T02:00:00Z,0,535,535,0
2022-03-03T03:00:00Z,0,380,380,0
2022-03-03T04:00:00Z,0,201,201,0
2022-03-03T05:00:00Z,0,185,185,0
2022-03-03T06:00:00Z,0,173,173,1
2022-03-03T07:00:00Z,0,257,257,1
2022-03-03T08:00:00Z,0,193,193,1
2022-03-03T09:00:00Z,0,192,192,1
2022-03-03T10:00:00Z,0,290,290,1
2022-03-03T11:00:00Z,0,506,506,1
2022-03-03T12:00:00Z,0,1385,1385,1
2022-03-03T13:00:00Z,0,230,230,1
2022-03-03T14:00:00Z,0,225,225,1
2022-03-03T15:00:00Z,0,214,214,1
2022-03-03T16:00:00Z,0,385,385,1
2022-03-03T17:00:00Z,163,0,163,1
2022-03-03T18:00:00Z,128,0,128,1
2022-03-03T19:00:00Z,130,0,130,1
2022-03-03T20:00:00Z,114,0,114,1
2022-03-03T21:00:00Z,932,0,932,1
2022-03-03T22:00:00Z,787,0,787,0
2022-03-03T23:00:00Z,162,0,162,0
2022-03-04T00:00:00Z,221,0,221,0
2022-03-04T01:00:00Z,0,431,431,0
2022-03-04T02:00:00Z,0,312,312,0
2022-03-04T03:00:00Z,0,355,355,0
2022-03-04T04:00:00Z,0,326,326,0
2022-03-04T05:00:00Z,0,372,372,0
2022-03-04T06:00:00Z,0,320,320,1
2022-03-04T07:00:00Z,0,289,289,1
2022-03-04T08:00:00Z,0,272,272,1
2022-03-04T09:00:00Z,0,249,249,1
2022-03-04T10:00:00Z,0,256,256,1
2022-03-04T11:00:00Z,0,830,830,1
2022-03-04T12:00:00Z,0,1416,1416,1
2022-03-04T13:00:00Z,0,249,249,1
2022-03-04T14:00:00Z,0,227,227,1
2022-03-04T15:00:00Z,0,227,227,1
2022-03-04T16:00:00Z,0,589,589,1
2022-03-04T17:00:00Z,155,0,155,1
2022-03-04T18:00:00Z,111,0,111,1
2022-03-04T19:00:00Z,117,0,117,1
2022-03-04T20:00:00Z,709,0,709,1
2022-03-04T21:00:00Z,629,0,629,1
2022-03-04T22:00:00Z,429,0,429,0
2022-03-04T23:00:00Z,179,0,179,0
2022-03-05T00:00:00Z,152,0,152,0
2022-03-05T01:00:00Z,1,458,459,0
2022-03-05T02:00:00Z,0,691,691,0
2022-03-05T03:00:00Z,0,467,467,0
2022-03-05T04:00:00Z,0,156,156,0
2022-03-05T05:00:00Z,0,444,444,0
2022-03-05T06:00:00Z,0,322,322,1
2022-03-05T07:00:00Z,0,281,281,1
2022-03-05T08:00:00Z,0,801,801,1
2022-03-05T09:00:00Z,0,325,325,1
2022-03-05T10:00:00Z,0,537,537,1
2022-03-05T11:00:00Z,0,415,415,1
2022-03-05T12:00:00Z,0,926,926,1
2022-03-05T13:00:00Z,0,224,224,1
2022-03-05T14:00:00Z,0,239,239,1
2022-03-05T15:00:00Z,0,232,232,1
2022-03-05T16:00:00Z,0,309,309,1
2022-03-05T17:00:00Z,138,0,138,1
2022-03-05T18:00:00Z,109,0,109,1
2022-03-05T19:00:00Z,128,0,128,1
2022-03-05T20:00:00Z,702,0,702,1
2022-03-05T21:00:00Z,609,0,609,1
2022-03-05T22:00:00Z,446,0,446,0
2022-03-05T23:00:00Z,156,0,156,0
2022-03-06T00:00:00Z,144,0,144,0
2022-03-06T01:00:00Z,328,0,328,0
2022-03-06T02:00:00Z,850,0,850,0
2022-03-06T03:00:00Z,389,0,389,0
2022-03-06T04:00:00Z,2373,0,2373,0
2022-03-06T05:00:00Z,1184,0,1184,0
2022-03-06T06:00:00Z,879,0,879,1
2022-03-06T07:00:00Z,371,0,371,1
2022-03-06T08:00:00Z,357,0,357,1
2022-03-06T09:00:00Z,587,0,587,1
2022-03-06T10:00:00Z,1943,0,1943,1
2022-03-06T11:00:00Z,786,0,786,1
2022-03-06T12:00:00Z,690,0,690,1
2022-03-06T13:00:00Z,172,0,172,1
2022-03-06T14:00:00Z,243,0,243,1
2022-03-06T15:00:00Z,161,0,161,1
2022-03-06T16:00:00Z,439,0,439,1
2022-03-06T17:00:00Z,175,0,175,1
2022-03-06T18:00:00Z,116,0,116,1
2022-03-06T19:00:00Z,143,0,143,1
2022-03-06T20:00:00Z,295,0,295,1
2022-03-06T21:00:00Z,783,0,783,1
2022-03-06T22:00:00Z,757,0,757,0
2022-03-06T23:00:00Z,167,0,167,0
2022-03-07T00:00:00Z,150,0,150,0
2022-03-07T01:00:00Z,306,0,306,0
2022-03-07T02:00:00Z,2079,0,2079,0
2022-03-07T03:00:00Z,728,0,728,0
2022-03-07T04:00:00Z,550,0,550,0
2022-03-07T05:00:00Z,605,0,605,0
2022-03-07T06:00:00Z,335,0,335,1
2022-03-07T07:00:00Z,1179,0,1179,1
2022-03-07T08:00:00Z,1605,0,1605,1
2022-03-07T09:00:00Z,1105,0,1105,1
2022-03-07T10:00:00Z,1830,0,1830,1
2022-03-07T11:00:00Z,450,0,450,1
2022-03-07T12:00:00Z,960,0,960,1
2022-03-07T13:00:00Z,586,0,586,1
2022-03-07T14:00:00Z,840,0,840,1
2022-03-07T15:00:00Z,202,0,202,1
2022-03-07T16:00:00Z,396,0,396,1
2022-03-07T17:00:00Z,159,0,159,1
2022-03-07T18:00:00Z,123,0,123,1
2022-03-07T19:00:00Z,128,0,128,1
2022-03-07T20:00:00Z,113,0,113,1
2022-03-07T21:00:00Z,120,0,120,1
2022-03-07T22:00:00Z,155,0,155,0
2022-03-07T23:00:00Z,137,0,137,0
2022-03-08T00:00:00Z,287,0,287,0
2022-03-08T01:00:00Z,1,1741,1742,0
2022-03-08T02:00:00Z,0,506,506,0
2022-03-08T03:00:00Z,0,341,341,0
2022-03-08T04:00:00Z,0,353,353,0
2022-03-08T05:00:00Z,0,353,353,0
2022-03-08T06:00:00Z,0,358,358,1
2022-03-08T07:00:00Z,0,336,336,1
2022-03-08T08:00:00Z,0,297,297,1
2022-03-08T09:00:00Z,0,239,239,1
2022-03-08T10:00:00Z,0,299,299,1
2022-03-08T11:00:00Z,0,398,398,1
2022-03-08T12:00:00Z,0,351,351,1
2022-03-08T13:00:00Z,0,370,370,1
2022-03-08T14:00:00Z,0,261,261,1
2022-03-08T15:00:00Z,0,218,218,1
2022-03-08T16:00:00Z,0,222,222,1
2022-03-08T17:00:00Z,389,0,389,1
2022-03-08T18:00:00Z,125,0,125,1
2022-03-08T19:00:00Z,114,0,114,1
2022-03-08T20:00:00Z,144,0,144,1
2022-03-08T21:00:00Z,690,0,690,1
2022-03-08T22:00:00Z,529,0,529,0
2022-03-08T23:00:00Z,608,0,608,0
2022-03-09T00:00:00Z,280,0,280,0
2022-03-09T01:00:00Z,0,408,408,0
2022-03-09T02:00:00Z,0,868,868,0
2022-03-09T03:00:00Z,0,435,435,0
2022-03-09T04:00:00Z,0,342,342,0
2022-03-09T05:00:00Z,0,481,481,0
2022-03-09T06:00:00Z,0,318,318,1
2022-03-09T07:00:00Z,0,378,378,1
2022-03-09T08:00:00Z,0,292,292,1
2022-03-09T09:00:00Z,0,243,243,1
2022-03-09T10:00:00Z,0,245,245,1
2022-03-09T11:00:00Z,0,408,408,1
2022-03-09T12:00:00Z,0,1838,1838,1
2022-03-09T13:00:00Z,0,1127,1127,1
2022-03-09T14:00:00Z,0,1034,1034,1
2022-03-09T15:00:00Z,0,215,215,1
2022-03-09T16:00:00Z,0,243,243,1
2022-03-09T17:00:00Z,355,1,356,1
2022-03-09T18:00:00Z,129,0,129,1
2022-03-09T19:00:00Z,106,0,106,1
2022-03-09T20:00:00Z,123,0,123,1
2022-03-09T21:00:00Z,134,0,134,1
2022-03-09T22:00:00Z,104,0,104,0
2022-03-09T23:00:00Z,170,0,170,0
2022-03-10T00:00:00Z,260,0,260,0
2022-03-10T01:00:00Z,0,220,220,0
2022-03-10T02:00:00Z,0,381,381,0
2022-03-10T03:00:00Z,0,613,613,0
2022-03-10T04:00:00Z,0,161,161,0
2022-03-10T05:00:00Z,0,493,493,0
2022-03-10T06:00:00Z,0,360,360,1
2022-03-10T07:00:00Z,0,128,128,1
2022-03-10T08:00:00Z,0,432,432,1
2022-03-10T09:00:00Z,0,722,722,1
2022-03-10T10:00:00Z,0,167,167,1
2022-03-10T11:00:00Z,0,479,479,1
2022-03-10T12:00:00Z,0,509,509,1
2022-03-10T13:00:00Z,0,249,249,1
2022-03-10T14:00:00Z,0,237,237,1
2022-03-10T15:00:00Z,0,226,226,1
2022-03-10T16:00:00Z,0,531,531,1
2022-03-10T17:00:00Z,161,1,162,1
2022-03-10T18:00:00Z,109,0,109,1
2022-03-10T19:00:00Z,129,0,129,1
2022-03-10T20:00:00Z,128,0,128,1
2022-03-10T21:00:00Z,922,0,922,1
2022-03-10T22:00:00Z,768,0,768,0
2022-03-10T23:00:00Z,159,0,159,0
2022-03-11T00:00:00Z,276,0,276,0
2022-03-11T01:00:00Z,1,390,391,0
2022-03-11T02:00:00Z,0,363,363,0
2022-03-11T03:00:00Z,0,397,397,0
2022-03-11T04:00:00Z,0,362,362,0
2022-03-11T05:00:00Z,0,333,333,0
2022-03-11T06:00:00Z,0,381,381,1
2022-03-11T07:00:00Z,0,203,203,1
2022-03-11T08:00:00Z,0,153,153,1
2022-03-11T09:00:00Z,0,146,146,1
2022-03-11T10:00:00Z,0,182,182,1
2022-03-11T11:00:00Z,0,973,973,1
2022-03-11T12:00:00Z,0,903,903,1
2022-03-11T13:00:00Z,0,240,240,1
2022-03-11T14:00:00Z,0,213,213,1
2022-03-11T15:00:00Z,0,224,224,1
2022-03-11T16:00:00Z,0,327,327,1
2022-03-11T17:00:00Z,216,0,216,1
2022-03-11T18:00:00Z,134,0,134,1
2022-03-11T19:00:00Z,117,0,117,1
2022-03-11T20:00:00Z,301,0,301,1
2022-03-11T21:00:00Z,743,0,743,1
2022-03-11T22:00:00Z,733,0,733,0
2022-03-11T23:00:00Z,166,0,166,0
2022-03-12T00:00:00Z,133,0,133,0
2022-03-12T01:00:00Z,1,648,649,0
2022-03-12T02:00:00Z,0,489,489,0
2022-03-12T03:00:00Z,0,310,310,0
2022-03-12T04:00:00Z,0,129,129,0
2022-03-12T05:00:00Z,0,265,265,0
2022-03-12T06:00:00Z,0,172,172,1
2022-03-12T07:00:00Z,0,133,133,1
2022-03-12T08:00:00Z,0,131,131,1
2022-03-12T09:00:00Z,0,208,208,1
2022-03-12T10:00:00Z,0,310,310,1
2022-03-12T11:00:00Z,0,296,296,1
2022-03-12T12:00:00Z,0,284,284,1
2022-03-12T13:00:00Z,0,253,253,1
2022-03-12T14:00:00Z,0,227,227,1
2022-03-12T15:00:00Z,0,222,222,1
2022-03-12T16:00:00Z,0,214,214,1
2022-03-12T17:00:00Z,344,0,344,1
2022-03-12T18:00:00Z,136,0,136,1
2022-03-12T19:00:00Z,128,0,128,1
2022-03-12T20:00:00Z,118,0,118,1
2022-03-12T21:00:00Z,850,0,850,1
2022-03-12T22:00:00Z,730,0,730,0
2022-03-12T23:00:00Z,128,0,128,0
2022-03-13T00:00:00Z,158,0,158,0
2022-03-13T01:00:00Z,188,0,188,0
2022-03-13T02:00:00Z,1291,0,1291,0
2022-03-13T03:00:00Z,424,0,424,0
2022-03-13T04:00:00Z,361,0,361,0
2022-03-13T05:00:00Z,2984,0,2984,0
2022-03-13T06:00:00Z,707,0,707,1
2022-03-13T07:00:00Z,409,0,409,1
2022-03-13T08:00:00Z,1507,0,1507,1
2022-03-13T09:00:00Z,170,0,170,1
2022-03-13T10:00:00Z,475,0,475,1
2022-03-13T11:00:00Z,1520,0,1520,1
2022-03-13T12:00:00Z,525,0,525,1
2022-03-13T13:00:00Z,232,0,232,1
2022-03-13T14:00:00Z,223,0,223,1
2022-03-13T15:00:00Z,221,0,221,1
2022-03-13T16:00:00Z,976,0,976,1
2022-03-13T17:00:00Z,1251,0,1251,1
2022-03-13T18:00:00Z,138,0,138,1
2022-03-13T19:00:00Z,130,0,130,1
2022-03-13T20:00:00Z,132,0,132,1
2022-03-13T21:00:00Z,872,0,872,1
2022-03-13T22:00:00Z,707,0,707,0
2022-03-13T23:00:00Z,114,0,114,0
2022-03-14T00:00:00Z,158,0,158,0
2022-03-14T01:00:00Z,209,0,209,0
2022-03-14T02:00:00Z,1368,0,1368,0
2022-03-14T03:00:00Z,435,0,435,0
2022-03-14T04:00:00Z,2438,0,2438,0
2022-03-14T05:00:00Z,958,0,958,0
2022-03-14T06:00:00Z,901,0,901,1
2022-03-14T07:00:00Z,439,0,439,1
2022-03-14T08:00:00Z,1074,0,1074,1
2022-03-14T09:00:00Z,1928,0,1928,1
2022-03-14T10:00:00Z,450,0,450,1
2022-03-14T11:00:00Z,566,0,566,1
2022-03-14T12:00:00Z,429,0,429,1
2022-03-14T13:00:00Z,224,0,224,1
2022-03-14T14:00:00Z,215,0,215,1
2022-03-14T15:00:00Z,280,0,280,1
2022-03-14T16:00:00Z,404,0,404,1
2022-03-14T17:00:00Z,131,0,131,1
2022-03-14T18:00:00Z,117,0,117,1
2022-03-14T19:00:00Z,115,0,115,1
2022-03-14T20:00:00Z,587,0,587,1
2022-03-14T21:00:00Z,467,0,467,1
2022-03-14T22:00:00Z,712,0,712,0
2022-03-14T23:00:00Z,133,0,133,0
2022-03-15T00:00:00Z,270,0,270,0
2022-03-15T01:00:00Z,1,410,411,0
2022-03-15T02:00:00Z,0,266,266,0
2022-03-15T03:00:00Z,0,267,267,0
2022-03-15T04:00:00Z,0,264,264,0
2022-03-15T05:00:00Z,0,479,479,0
2022-03-15T06:00:00Z,0,312,312,1
2022-03-15T07:00:00Z,0,337,337,1
2022-03-15T08:00:00Z,0,367,367,1
2022-03-15T09:00:00Z,0,249,249,1
2022-03-15T10:00:00Z,0,265,265,1
2022-03-15T11:00:00Z,0,683,683,1
2022-03-15T12:00:00Z,0,1163,1163,1
2022-03-15T13:00:00Z,0,322,322,1
2022-03-15T14:00:00Z,0,219,219,1
2022-03-15T15:00:00Z,0,218,218,1
2022-03-15T16:00:00Z,0,372,372,1
2022-03-15T17:00:00Z,171,0,171,1
2022-03-15T18:00:00Z,131,0,131,1
2022-03-15T19:00:00Z,119,0,119,1
2022-03-15T20:00:00Z,113,0,113,1
2022-03-15T21:00:00Z,923,0,923,1
2022-03-15T22:00:00Z,743,0,743,0
2022-03-15T23:00:00Z,165,0,165,0
2022-03-16T00:00:00Z,348,0,348,0
2022-03-16T01:00:00Z,0,215,215,0
2022-03-16T02:00:00Z,0,102,102,0
2022-03-16T03:00:00Z,0,125,125,0
2022-03-16T04:00:00Z,0,124,124,0
2022-03-16T05:00:00Z,0,118,118,0
2022-03-16T06:00:00Z,0,102,102,1
2022-03-16T07:00:00Z,0,112,112,1
2022-03-16T08:00:00Z,0,123,123,1
2022-03-16T09:00:00Z,0,125,125,1
2022-03-16T10:00:00Z,0,146,146,1
2022-03-16T11:00:00Z,0,307,307,1
2022-03-16T12:00:00Z,0,1526,1526,1
2022-03-16T13:00:00Z,0,523,523,1
2022-03-16T14:00:00Z,0,238,238,1
2022-03-16T15:00:00Z,0,229,229,1
2022-03-16T16:00:00Z,0,212,212,1
2022-03-16T17:00:00Z,417,0,417,1
2022-03-16T18:00:00Z,136,0,136,1
2022-03-16T19:00:00Z,126,0,126,1
2022-03-16T20:00:00Z,128,0,128,1
2022-03-16T21:00:00Z,696,0,696,1
2022-03-16T22:00:00Z,576,0,576,0
2022-03-16T23:00:00Z,505,0,505,0
2022-03-17T00:00:00Z,197,0,197,0
2022-03-17T01:00:00Z,1,456,457,0
2022-03-17T02:00:00Z,0,397,397,0
2022-03-17T03:00:00Z,0,446,446,0
2022-03-17T04:00:00Z,0,180,180,0
2022-03-17T05:00:00Z,0,183,183,0
2022-03-17T06:00:00Z,0,179,179,1
2022-03-17T07:00:00Z,0,925,925,1
2022-03-17T08:00:00Z,0,217,217,1
2022-03-17T09:00:00Z,0,170,170,1
2022-03-17T10:00:00Z,0,387,387,1
2022-03-17T11:00:00Z,0,286,286,1
2022-03-17T12:00:00Z,0,911,911,1
2022-03-17T13:00:00Z,0,402,402,1
2022-03-17T14:00:00Z,0,406,406,1
2022-03-17T15:00:00Z,0,286,286,1
2022-03-17T16:00:00Z,0,257,257,1
2022-03-17T17:00:00Z,148,0,148,1
2022-03-17T18:00:00Z,120,0,120,1
2022-03-17T19:00:00Z,116,0,116,1
2022-03-17T20:00:00Z,663,0,663,1
2022-03-17T21:00:00Z,400,0,400,1
2022-03-17T22:00:00Z,702,0,702,0
2022-03-17T23:00:00Z,137,0,137,0
2022-03-18T00:00:00Z,273,0,273,0
2022-03-18T01:00:00Z,0,434,434,0
2022-03-18T02:00:00Z,0,265,265,0
2022-03-18T03:00:00Z,0,245,245,0
2022-03-18T04:00:00Z,0,289,289,0
2022-03-18T05:00:00Z,0,330,330,0
2022-03-18T06:00:00Z,0,275,275,1
2022-03-18T07:00:00Z,0,229,229,1
2022-03-18T08:00:00Z,0,207,207,1
2022-03-18T09:00:00Z,0,304,304,1
2022-03-18T10:00:00Z,0,322,322,1
2022-03-18T11:00:00Z,0,282,282,1
2022-03-18T12:00:00Z,0,1384,1384,1
2022-03-18T13:00:00Z,0,307,307,1
2022-03-18T14:00:00Z,0,376,376,1
2022-03-18T15:00:00Z,0,369,369,1
2022-03-18T16:00:00Z,0,268,268,1
2022-03-18T17:00:00Z,145,1,146,1
2022-03-18T18:00:00Z,117,0,117,1
2022-03-18T19:00:00Z,119,0,119,1
2022-03-18T20:00:00Z,602,0,602,1
2022-03-18T21:00:00Z,478,0,478,1
2022-03-18T22:00:00Z,721,0,721,0
2022-03-18T23:00:00Z,145,0,145,0
2022-03-19T00:00:00Z,213,0,213,0
2022-03-19T01:00:00Z,1,337,338,0
2022-03-19T02:00:00Z,0,683,683,0
2022-03-19T03:00:00Z,0,967,967,0
2022-03-19T04:00:00Z,0,1204,1204,0
2022-03-19T05:00:00Z,0,290,290,0
2022-03-19T06:00:00Z,0,137,137,1
2022-03-19T07:00:00Z,0,118,118,1
2022-03-19T08:00:00Z,0,149,149,1
2022-03-19T09:00:00Z,0,205,205,1
2022-03-19T10:00:00Z,0,253,253,1
2022-03-19T11:00:00Z,0,256,256,1
2022-03-19T12:00:00Z,0,556,556,1
2022-03-19T13:00:00Z,0,254,254,1
2022-03-19T14:00:00Z,0,231,231,1
2022-03-19T15:00:00Z,0,226,226,1
2022-03-19T16:00:00Z,0,235,235,1
2022-03-19T17:00:00Z,151,1,152,1
2022-03-19T18:00:00Z,128,0,128,1
2022-03-19T19:00:00Z,131,0,131,1
2022-03-19T20:00:00Z,124,0,124,1
2022-03-19T21:00:00Z,878,0,878,1
2022-03-19T22:00:00Z,708,0,708,0
2022-03-19T23:00:00Z,133,0,133,0
2022-03-20T00:00:00Z,166,0,166,0
2022-03-20T01:00:00Z,657,0,657,0
2022-03-20T02:00:00Z,367,0,367,0
2022-03-20T03:00:00Z,399,0,399,0
2022-03-20T04:00:00Z,2453,0,2453,0
2022-03-20T05:00:00Z,1639,0,1639,0
2022-03-20T06:00:00Z,1207,0,1207,1
2022-03-20T07:00:00Z,1432,0,1432,1
2022-03-20T08:00:00Z,973,0,973,1
2022-03-20T09:00:00Z,1006,0,1006,1
2022-03-20T10:00:00Z,622,0,622,1
2022-03-20T11:00:00Z,781,0,781,1
2022-03-20T12:00:00Z,1802,0,1802,1
2022-03-20T13:00:00Z,600,0,600,1
2022-03-20T14:00:00Z,250,0,250,1
2022-03-20T15:00:00Z,270,0,270,1
2022-03-20T16:00:00Z,565,0,565,1
2022-03-20T17:00:00Z,164,0,164,1
2022-03-20T18:00:00Z,129,0,129,1
2022-03-20T19:00:00Z,130,0,130,1
2022-03-20T20:00:00Z,601,0,601,1
2022-03-20T21:00:00Z,460,0,460,1
2022-03-20T22:00:00Z,733,0,733,0
2022-03-20T23:00:00Z,134,0,134,0
2022-03-21T00:00:00Z,252,0,252,0
2022-03-21T01:00:00Z,258,0,258,0
2022-03-21T02:00:00Z,1097,0,1097,0
2022-03-21T03:00:00Z,376,0,376,0
2022-03-21T04:00:00Z,1062,0,1062,0
2022-03-21T05:00:00Z,1204,0,1204,0
2022-03-21T06:00:00Z,1514,0,1514,1
2022-03-21T07:00:00Z,430,0,430,1
2022-03-21T08:00:00Z,419,0,419,1
2022-03-21T09:00:00Z,352,0,352,1
2022-03-21T10:00:00Z,248,0,248,1
2022-03-21T11:00:00Z,224,0,224,1
2022-03-21T12:00:00Z,583,0,583,1
2022-03-21T13:00:00Z,376,0,376,1
2022-03-21T14:00:00Z,320,0,320,1
2022-03-21T15:00:00Z,707,0,707,1
2022-03-21T16:00:00Z,680,0,680,1
2022-03-21T17:00:00Z,139,0,139,1
2022-03-21T18:00:00Z,113,0,113,1
2022-03-21T19:00:00Z,128,0,128,1
2022-03-21T20:00:00Z,742,0,742,1
2022-03-21T21:00:00Z,542,0,542,1
2022-03-21T22:00:00Z,550,0,550,0
2022-03-21T23:00:00Z,180,0,180,0
2022-03-22T00:00:00Z,333,0,333,0
2022-03-22T01:00:00Z,1,292,293,0
2022-03-22T02:00:00Z,0,129,129,0
2022-03-22T03:00:00Z,0,198,198,0
2022-03-22T04:00:00Z,0,140,140,0
2022-03-22T05:00:00Z,0,130,130,0
2022-03-22T06:00:00Z,0,136,136,1
2022-03-22T07:00:00Z,0,139,139,1
2022-03-22T08:00:00Z,0,155,155,1
2022-03-22T09:00:00Z,0,199,199,1
2022-03-22T10:00:00Z,0,279,279,1
2022-03-22T11:00:00Z,0,216,216,1
2022-03-22T12:00:00Z,0,1608,1608,1
2022-03-22T13:00:00Z,0,283,283,1
2022-03-22T14:00:00Z,0,226,226,1
2022-03-22T15:00:00Z,0,218,218,1
2022-03-22T16:00:00Z,0,462,462,1
2022-03-22T17:00:00Z,209,0,209,1
2022-03-22T18:00:00Z,121,0,121,1
2022-03-22T19:00:00Z,127,0,127,1
2022-03-22T20:00:00Z,179,0,179,1
2022-03-22T21:00:00Z,881,0,881,1
2022-03-22T22:00:00Z,726,0,726,0
2022-03-22T23:00:00Z,144,0,144,0
2022-03-23T00:00:00Z,319,0,319,0
2022-03-23T01:00:00Z,1,279,280,0
2022-03-23T02:00:00Z,0,124,124,0
2022-03-23T03:00:00Z,0,102,102,0
2022-03-23T04:00:00Z,0,125,125,0
2022-03-23T05:00:00Z,0,125,125,0
2022-03-23T06:00:00Z,0,110,110,1
2022-03-23T07:00:00Z,0,101,101,1
2022-03-23T08:00:00Z,0,118,118,1
2022-03-23T09:00:00Z,0,124,124,1
2022-03-23T10:00:00Z,0,144,144,1
2022-03-23T11:00:00Z,0,306,306,1
2022-03-23T12:00:00Z,0,1033,1033,1
2022-03-23T13:00:00Z,0,450,450,1
2022-03-23T14:00:00Z,0,220,220,1
2022-03-23T15:00:00Z,0,216,216,1
2022-03-23T16:00:00Z,0,364,364,1
2022-03-23T17:00:00Z,156,0,156,1
2022-03-23T18:00:00Z,127,0,127,1
2022-03-23T19:00:00Z,127,0,127,1
2022-03-23T20:00:00Z,698,0,698,1
2022-03-23T21:00:00Z,671,0,671,1
2022-03-23T22:00:00Z,386,0,386,0
2022-03-23T23:00:00Z,135,0,135,0
2022-03-24T00:00:00Z,376,0,376,0
2022-03-24T01:00:00Z,0,339,339,0
2022-03-24T02:00:00Z,0,206,206,0
2022-03-24T03:00:00Z,0,181,181,0
2022-03-24T04:00:00Z,0,207,207,0
2022-03-24T05:00:00Z,0,171,171,0
2022-03-24T06:00:00Z,0,534,534,1
2022-03-24T07:00:00Z,0,177,177,1
2022-03-24T08:00:00Z,0,213,213,1
2022-03-24T09:00:00Z,0,145,145,1
2022-03-24T10:00:00Z,0,228,228,1
2022-03-24T11:00:00Z,0,1338,1338,1
2022-03-24T12:00:00Z,0,887,887,1
2022-03-24T13:00:00Z,0,399,399,1
2022-03-24T14:00:00Z,0,229,229,1
2022-03-24T15:00:00Z,0,316,316,1
2022-03-24T16:00:00Z,0,268,268,1
2022-03-24T17:00:00Z,142,0,142,1
2022-03-24T18:00:00Z,119,0,119,1
2022-03-24T19:00:00Z,119,0,119,1
2022-03-24T20:00:00Z,685,0,685,1
2022-03-24T21:00:00Z,402,0,402,1
2022-03-24T22:00:00Z,692,0,692,0
2022-03-24T23:00:00Z,124,0,124,0
2022-03-25T00:00:00Z,237,0,237,0
2022-03-25T01:00:00Z,1,427,428,0
2022-03-25T02:00:00Z,0,367,367,0
2022-03-25T03:00:00Z,0,318,318,0
2022-03-25T04:00:00Z,0,356,356,0
2022-03-25T05:00:00Z,0,332,332,0
2022-03-25T06:00:00Z,0,297,297,1
2022-03-25T07:00:00Z,0,267,267,1
2022-03-25T08:00:00Z,0,236,236,1
2022-03-25T09:00:00Z,0,159,159,1
2022-03-25T10:00:00Z,0,271,271,1
2022-03-25T11:00:00Z,0,205,205,1
2022-03-25T12:00:00Z,0,668,668,1
2022-03-25T13:00:00Z,0,318,318,1
2022-03-25T14:00:00Z,0,230,230,1
2022-03-25T15:00:00Z,0,214,214,1
2022-03-25T16:00:00Z,0,434,434,1
2022-03-25T17:00:00Z,188,0,188,1
2022-03-25T18:00:00Z,127,0,127,1
2022-03-25T19:00:00Z,127,0,127,1
2022-03-25T20:00:00Z,168,0,168,1
2022-03-25T21:00:00Z,863,0,863,1
2022-03-25T22:00:00Z,717,0,717,0
2022-03-25T23:00:00Z,144,0,144,0
2022-03-26T00:00:00Z,213,0,213,0
2022-03-26T01:00:00Z,0,289,289,0
2022-03-26T02:00:00Z,0,390,390,0
2022-03-26T03:00:00Z,0,376,376,0
2022-03-26T04:00:00Z,0,337,337,0
2022-03-26T05:00:00Z,0,331,331,0
2022-03-26T06:00:00Z,0,156,156,1
2022-03-26T07:00:00Z,0,115,115,1
2022-03-26T08:00:00Z,0,126,126,1
2022-03-26T09:00:00Z,0,117,117,1
2022-03-26T10:00:00Z,0,266,266,1
2022-03-26T11:00:00Z,0,255,255,1
2022-03-26T12:00:00Z,0,638,638,1
2022-03-26T13:00:00Z,0,308,308,1
2022-03-26T14:00:00Z,0,238,238,1
2022-03-26T15:00:00Z,0,229,229,1
2022-03-26T16:00:00Z,0,532,532,1
2022-03-26T17:00:00Z,153,1,154,1
2022-03-26T18:00:00Z,126,0,126,1
2022-03-26T19:00:00Z,112,0,112,1
2022-03-26T20:00:00Z,118,0,118,1
2022-03-26T21:00:00Z,908,0,908,1
2022-03-26T22:00:00Z,733,0,733,0
2022-03-26T23:00:00Z,218,0,218,0
2022-03-27T00:00:00Z,289,0,289,0
2022-03-27T01:00:00Z,732,0,732,0
2022-03-27T02:00:00Z,1308,0,1308,0
2022-03-27T03:00:00Z,591,0,591,0
2022-03-27T04:00:00Z,546,0,546,0
2022-03-27T05:00:00Z,1872,0,1872,0
2022-03-27T06:00:00Z,1249,0,1249,1
2022-03-27T07:00:00Z,1911,0,1911,1
2022-03-27T08:00:00Z,451,0,451,1
2022-03-27T09:00:00Z,303,0,303,1
2022-03-27T10:00:00Z,1519,0,1519,1
2022-03-27T11:00:00Z,680,0,680,1
2022-03-27T12:00:00Z,227,0,227,1
2022-03-27T13:00:00Z,1230,0,1230,1
2022-03-27T14:00:00Z,224,0,224,1
2022-03-27T15:00:00Z,216,0,216,1
2022-03-27T16:00:00Z,309,0,309,1
2022-03-27T17:00:00Z,287,0,287,1
2022-03-27T18:00:00Z,139,0,139,1
2022-03-27T19:00:00Z,127,0,127,1
2022-03-27T20:00:00Z,121,0,121,1
2022-03-27T21:00:00Z,891,0,891,1
2022-03-27T22:00:00Z,746,0,746,0
2022-03-27T23:00:00Z,150,0,150,0
2022-03-28T00:00:00Z,261,0,261,0
2022-03-28T01:00:00Z,930,0,930,0
2022-03-28T02:00:00Z,1303,0,1303,0
2022-03-28T03:00:00Z,3120,0,3120,0
2022-03-28T04:00:00Z,850,0,850,0
2022-03-28T05:00:00Z,1623,0,1623,0
2022-03-28T06:00:00Z,1294,0,1294,1
2022-03-28T07:00:00Z,587,0,587,1
2022-03-28T08:00:00Z,145,0,145,1
2022-03-28T09:00:00Z,130,0,130,1
2022-03-28T10:00:00Z,216,0,216,1
2022-03-28T11:00:00Z,229,0,229,1
2022-03-28T12:00:00Z,226,0,226,1
2022-03-28T13:00:00Z,219,0,219,1
2022-03-28T14:00:00Z,230,0,230,1
2022-03-28T15:00:00Z,287,0,287,1
2022-03-28T16:00:00Z,164,0,164,1
2022-03-28T17:00:00Z,128,0,128,1
2022-03-28T18:00:00Z,127,0,127,1
2022-03-28T19:00:00Z,222,0,222,1
2022-03-28T20:00:00Z,785,0,785,1
2022-03-28T21:00:00Z,722,0,722,1
2022-03-28T22:00:00Z,133,0,133,0
2022-03-28T23:00:00Z,260,0,260,0
2022-03-29T00:00:00Z,1,333,334,0
2022-03-29T01:00:00Z,0,120,120,0
2022-03-29T02:00:00Z,0,117,117,0
2022-03-29T03:00:00Z,0,119,119,0
2022-03-29T04:00:00Z,0,124,124,0
2022-03-29T05:00:00Z,0,115,115,0
2022-03-29T06:00:00Z,0,96,96,1
2022-03-29T07:00:00Z,0,124,124,1
2022-03-29T08:00:00Z,0,121,121,1
2022-03-29T09:00:00Z,0,144,144,1
2022-03-29T10:00:00Z,0,599,599,1
2022-03-29T11:00:00Z,0,722,722,1
2022-03-29T12:00:00Z,0,236,236,1
2022-03-29T13:00:00Z,0,222,222,1
2022-03-29T14:00:00Z,0,221,221,1
2022-03-29T15:00:00Z,0,263,263,1
2022-03-29T16:00:00Z,136,1,137,1
2022-03-29T17:00:00Z,118,0,118,1
2022-03-29T18:00:00Z,109,0,109,1
2022-03-29T19:00:00Z,473,0,473,1
2022-03-29T20:00:00Z,548,0,548,1
2022-03-29T21:00:00Z,690,0,690,1
2022-03-29T22:00:00Z,132,0,132,0
2022-03-29T23:00:00Z,368,0,368,0
2022-03-30T00:00:00Z,1,295,296,0
2022-03-30T01:00:00Z,0,136,136,0
2022-03-30T02:00:00Z,0,124,124,0
2022-03-30T03:00:00Z,0,116,116,0
2022-03-30T04:00:00Z,0,104,104,0
2022-03-30T05:00:00Z,0,172,172,0
2022-03-30T06:00:00Z,0,352,352,1
2022-03-30T07:00:00Z,0,306,306,1
2022-03-30T08:00:00Z,0,216,216,1
2022-03-30T09:00:00Z,0,174,174,1
2022-03-30T10:00:00Z,0,350,350,1
2022-03-30T11:00:00Z,0,808,808,1
2022-03-30T12:00:00Z,0,272,272,1
2022-03-30T13:00:00Z,0,232,232,1
2022-03-30T14:00:00Z,0,222,222,1
2022-03-30T15:00:00Z,0,234,234,1
2022-03-30T16:00:00Z,155,0,155,1
2022-03-30T17:00:00Z,123,0,123,1
2022-03-30T18:00:00Z,127,0,127,1
2022-03-30T19:00:00Z,123,0,123,1
2022-03-30T20:00:00Z,878,0,878,1
2022-03-30T21:00:00Z,701,0,701,1
2022-03-30T22:00:00Z,153,0,153,0
2022-03-30T23:00:00Z,273,0,273,0
2022-03-31T00:00:00Z,0,736,736,0
2022-03-31T01:00:00Z,0,250,250,0
2022-03-31T02:00:00Z,0,437,437,0
2022-03-31T03:00:00Z,0,278,278,0
2022-03-31T04:00:00Z,0,516,516,0
2022-03-31T05:00:00Z,0,198,198,0
2022-03-31T06:00:00Z,0,892,892,1
2022-03-31T07:00:00Z,0,207,207,1
2022-03-31T08:00:00Z,0,335,335,1
2022-03-31T09:00:00Z,0,352,352,1
2022-03-31T10:00:00Z,0,322,322,1
2022-03-31T11:00:00Z,0,922,922,1
2022-03-31T12:00:00Z,0,216,216,1
2022-03-31T13:00:00Z,0,223,223,1
2022-03-31T14:00:00Z,0,218,218,1
2022-03-31T15:00:00Z,0,408,408,1
2022-03-31T16:00:00Z,143,0,143,1
2022-03-31T17:00:00Z,121,0,121,1
2022-03-31T18:00:00Z,108,0,108,1
2022-03-31T19:00:00Z,593,0,593,1
2022-03-31T20:00:00Z,469,0,469,1
2022-03-31T21:00:00Z,706,0,706,1
2022-03-31T22:00:00Z,142,0,142,0
2022-03-31T23:00:00Z,219,0,219,0
2022-04-01T00:00:00Z,1,439,440,0
2022-04-01T01:00:00Z,0,250,250,0
2022-04-01T02:00:00Z,0,234,234,0
2022-04-01T03:00:00Z,0,315,315,0
2022-04-01T04:00:00Z,0,369,369,0
2022-04-01T05:00:00Z,0,522,522,0
2022-04-01T06:00:00Z,0,406,406,1
2022-04-01T07:00:00Z,0,263,263,1
2022-04-01T08:00:00Z,0,297,297,1
2022-04-01T09:00:00Z,0,464,464,1
2022-04-01T10:00:00Z,0,1805,1805,1
2022-04-01T11:00:00Z,0,616,616,1
2022-04-01T12:00:00Z,0,256,256,1
2022-04-01T13:00:00Z,0,239,239,1
2022-04-01T14:00:00Z,0,222,222,1
2022-04-01T15:00:00Z,0,394,394,1
2022-04-01T16:00:00Z,195,1,196,1
2022-04-01T17:00:00Z,148,0,148,1
2022-04-01T18:00:00Z,117,0,117,1
2022-04-01T19:00:00Z,261,0,261,1
2022-04-01T20:00:00Z,826,0,826,1
2022-04-01T21:00:00Z,742,0,742,1
2022-04-01T22:00:00Z,168,0,168,0
2022-04-01T23:00:00Z,158,0,158,0
2022-04-02T00:00:00Z,1,268,269,0
2022-04-02T01:00:00Z,0,338,338,0
2022-04-02T02:00:00Z,0,133,133,0
2022-04-02T03:00:00Z,0,303,303,0
2022-04-02T04:00:00Z,0,469,469,0
2022-04-02T05:00:00Z,0,539,539,0
2022-04-02T06:00:00Z,0,759,759,1
2022-04-02T07:00:00Z,0,357,357,1
2022-04-02T08:00:00Z,0,316,316,1
2022-04-02T09:00:00Z,0,413,413,1
2022-04-02T10:00:00Z,0,335,335,1
2022-04-02T11:00:00Z,0,435,435,1
2022-04-02T12:00:00Z,0,279,279,1
2022-04-02T13:00:00Z,0,249,249,1
2022-04-02T14:00:00Z,0,243,243,1
2022-04-02T15:00:00Z,0,343,343,1
2022-04-02T16:00:00Z,176,0,176,1
2022-04-02T17:00:00Z,137,0,137,1
2022-04-02T18:00:00Z,112,0,112,1
2022-04-02T19:00:00Z,114,0,114,1
2022-04-02T20:00:00Z,946,0,946,1
2022-04-02T21:00:00Z,738,0,738,1
2022-04-02T22:00:00Z,145,0,145,0
2022-04-02T23:00:00Z,163,0,163,0
2022-04-03T00:00:00Z,354,0,354,0
2022-04-03T01:00:00Z,799,0,799,0
2022-04-03T02:00:00Z,482,0,482,0
2022-04-03T03:00:00Z,156,0,156,0
2022-04-03T04:00:00Z,105,0,105,0
2022-04-03T05:00:00Z,142,0,142,0
2022-04-03T06:00:00Z,1830,0,1830,1
2022-04-03T07:00:00Z,542,0,542,1
2022-04-03T08:00:00Z,324,0,324,1
2022-04-03T09:00:00Z,881,0,881,1
2022-04-03T10:00:00Z,2335,0,2335,1
2022-04-03T11:00:00Z,471,0,471,1
2022-04-03T12:00:00Z,787,0,787,1
2022-04-03T13:00:00Z,362,0,362,1
2022-04-03T14:00:00Z,253,0,253,1
2022-04-03T15:00:00Z,290,0,290,1
2022-04-03T16:00:00Z,192,0,192,1
2022-04-03T17:00:00Z,150,0,150,1
2022-04-03T18:00:00Z,106,0,106,1
2022-04-03T19:00:00Z,130,0,130,1
2022-04-03T20:00:00Z,926,0,926,1
2022-04-03T21:00:00Z,729,0,729,1
2022-04-03T22:00:00Z,149,0,149,0
2022-04-03T23:00:00Z,153,0,153,0
2022-04-04T00:00:00Z,320,0,320,0
2022-04-04T01:00:00Z,1020,0,1020,0
2022-04-04T02:00:00Z,1276,0,1276,0
2022-04-04T03:00:00Z,533,0,533,0
2022-04-04T04:00:00Z,1231,0,1231,0
2022-04-04T05:00:00Z,1318,0,1318,0
2022-04-04T06:00:00Z,1713,0,1713,1
2022-04-04T07:00:00Z,2402,0,2402,1
2022-04-04T08:00:00Z,2336,0,2336,1
2022-04-04T09:00:00Z,1229,0,1229,1
2022-04-04T10:00:00Z,1270,0,1270,1
2022-04-04T11:00:00Z,476,0,476,1
2022-04-04T12:00:00Z,242,0,242,1
2022-04-04T13:00:00Z,236,0,236,1
2022-04-04T14:00:00Z,222,0,222,1
2022-04-04T15:00:00Z,1177,0,1177,1
2022-04-04T16:00:00Z,880,0,880,1
2022-04-04T17:00:00Z,144,0,144,1
2022-04-04T18:00:00Z,97,0,97,1
2022-04-04T19:00:00Z,627,0,627,1
2022-04-04T20:00:00Z,480,0,480,1
2022-04-04T21:00:00Z,706,0,706,1
2022-04-04T22:00:00Z,179,0,179,0
2022-04-04T23:00:00Z,132,0,132,0
2022-04-05T00:00:00Z,1,231,232,0
2022-04-05T01:00:00Z,0,353,353,0
2022-04-05T02:00:00Z,0,180,180,0
2022-04-05T03:00:00Z,0,123,123,0
2022-04-05T04:00:00Z,0,129,129,0
2022-04-05T05:00:00Z,0,89,89,0
2022-04-05T06:00:00Z,0,130,130,1
2022-04-05T07:00:00Z,0,102,102,1
2022-04-05T08:00:00Z,0,125,125,1
2022-04-05T09:00:00Z,0,165,165,1
2022-04-05T10:00:00Z,0,220,220,1
2022-04-05T11:00:00Z,0,629,629,1
2022-04-05T12:00:00Z,0,265,265,1
2022-04-05T13:00:00Z,0,218,218,1
2022-04-05T14:00:00Z,0,226,226,1
2022-04-05T15:00:00Z,0,254,254,1
2022-04-05T16:00:00Z,130,0,130,1
2022-04-05T17:00:00Z,109,0,109,1
2022-04-05T18:00:00Z,131,0,131,1
2022-04-05T19:00:00Z,475,0,475,1
2022-04-05T20:00:00Z,537,0,537,1
2022-04-05T21:00:00Z,718,0,718,1
2022-04-05T22:00:00Z,108,0,108,0
2022-04-05T23:00:00Z,148,0,148,0
2022-04-06T00:00:00Z,1,598,599,0
2022-04-06T01:00:00Z,0,118,118,0
2022-04-06T02:00:00Z,0,123,123,0
2022-04-06T03:00:00Z,0,121,121,0
2022-04-06T04:00:00Z,0,99,99,0
2022-04-06T05:00:00Z,0,120,120,0
2022-04-06T06:00:00Z,0,122,122,1
2022-04-06T07:00:00Z,0,94,94,1
2022-04-06T08:00:00Z,0,122,122,1
2022-04-06T09:00:00Z,0,148,148,1
2022-04-06T10:00:00Z,0,430,430,1
2022-04-06T11:00:00Z,0,896,896,1
2022-04-06T12:00:00Z,0,236,236,1
2022-04-06T13:00:00Z,0,220,220,1
2022-04-06T14:00:00Z,0,254,254,1
2022-04-06T15:00:00Z,0,229,229,1
2022-04-06T16:00:00Z,123,0,123,1
2022-04-06T17:00:00Z,116,0,116,1
2022-04-06T18:00:00Z,128,0,128,1
2022-04-06T19:00:00Z,469,0,469,1
2022-04-06T20:00:00Z,505,0,505,1
2022-04-06T21:00:00Z,692,0,692,1
2022-04-06T22:00:00Z,128,0,128,0
2022-04-06T23:00:00Z,122,0,122,0
2022-04-07T00:00:00Z,0,256,256,0
2022-04-07T01:00:00Z,0,236,236,0
2022-04-07T02:00:00Z,0,250,250,0
2022-04-07T03:00:00Z,0,145,145,0
2022-04-07T04:00:00Z,0,166,166,0
2022-04-07T05:00:00Z,0,119,119,0
2022-04-07T06:00:00Z,0,910,910,1
2022-04-07T07:00:00Z,0,306,306,1
2022-04-07T08:00:00Z,0,249,249,1
2022-04-07T09:00:00Z,0,376,376,1
2022-04-07T10:00:00Z,0,1327,1327,1
2022-04-07T11:00:00Z,0,826,826,1
2022-04-07T12:00:00Z,0,272,272,1
2022-04-07T13:00:00Z,0,232,232,1
2022-04-07T14:00:00Z,0,229,229,1
2022-04-07T15:00:00Z,0,230,230,1
2022-04-07T16:00:00Z,158,0,158,1
2022-04-07T17:00:00Z,132,0,132,1
2022-04-07T18:00:00Z,133,0,133,1
2022-04-07T19:00:00Z,110,0,110,1
2022-04-07T20:00:00Z,911,0,911,1
2022-04-07T21:00:00Z,749,0,749,1
2022-04-07T22:00:00Z,139,0,139,0
2022-04-07T23:00:00Z,128,0,128,0
2022-04-08T00:00:00Z,0,282,282,0
2022-04-08T01:00:00Z,0,286,286,0
2022-04-08T02:00:00Z,0,309,309,0
2022-04-08T03:00:00Z,0,145,145,0
2022-04-08T04:00:00Z,0,262,262,0
2022-04-08T05:00:00Z,0,178,178,0
2022-04-08T06:00:00Z,0,159,159,1
2022-04-08T07:00:00Z,0,549,549,1
2022-04-08T08:00:00Z,0,171,171,1
2022-04-08T09:00:00Z,0,266,266,1
2022-04-08T10:00:00Z,0,458,458,1
2022-04-08T11:00:00Z,0,492,492,1
2022-04-08T12:00:00Z,0,230,230,1
2022-04-08T13:00:00Z,0,230,230,1
2022-04-08T14:00:00Z,0,217,217,1
2022-04-08T15:00:00Z,0,254,254,1
2022-04-08T16:00:00Z,142,0,142,1
2022-04-08T17:00:00Z,136,0,136,1
2022-04-08T18:00:00Z,133,0,133,1
2022-04-08T19:00:00Z,108,0,108,1
2022-04-08T20:00:00Z,904,0,904,1
2022-04-08T21:00:00Z,744,0,744,1
2022-04-08T22:00:00Z,137,0,137,0
2022-04-08T23:00:00Z,179,0,179,0
2022-04-09T00:00:00Z,1,274,275,0
2022-04-09T01:00:00Z,0,487,487,0
2022-04-09T02:00:00Z,0,355,355,0
2022-04-09T03:00:00Z,0,337,337,0
2022-04-09T04:00:00Z,0,441,441,0
2022-04-09T05:00:00Z,0,487,487,0
2022-04-09T06:00:00Z,0,244,244,1
2022-04-09T07:00:00Z,0,190,190,1
2022-04-09T08:00:00Z,0,134,134,1
2022-04-09T09:00:00Z,0,210,210,1
2022-04-09T10:00:00Z,0,353,353,1
2022-04-09T11:00:00Z,0,683,683,1
2022-04-09T12:00:00Z,0,236,236,1
2022-04-09T13:00:00Z,0,229,229,1
2022-04-09T14:00:00Z,0,237,237,1
2022-04-09T15:00:00Z,0,346,346,1
2022-04-09T16:00:00Z,158,1,159,1
2022-04-09T17:00:00Z,140,0,140,1
2022-04-09T18:00:00Z,112,0,112,1
2022-04-09T19:00:00Z,320,0,320,1
2022-04-09T20:00:00Z,755,0,755,1
2022-04-09T21:00:00Z,697,0,697,1
2022-04-09T22:00:00Z,134,0,134,0
2022-04-09T23:00:00Z,167,0,167,0
2022-04-10T00:00:00Z,508,0,508,0
2022-04-10T01:00:00Z,597,0,597,0
2022-04-10T02:00:00Z,355,0,355,0
2022-04-10T03:00:00Z,2984,0,2984,0
2022-04-10T04:00:00Z,865,0,865,0
2022-04-10T05:00:00Z,201,0,201,0
2022-04-10T06:00:00Z,150,0,150,1
2022-04-10T07:00:00Z,835,0,835,1
2022-04-10T08:00:00Z,1408,0,1408,1
2022-04-10T09:00:00Z,655,0,655,1
2022-04-10T10:00:00Z,3250,0,3250,1
2022-04-10T11:00:00Z,654,0,654,1
2022-04-10T12:00:00Z,337,0,337,1
2022-04-10T13:00:00Z,317,0,317,1
2022-04-10T14:00:00Z,321,0,321,1
2022-04-10T15:00:00Z,239,0,239,1
2022-04-10T16:00:00Z,191,0,191,1
2022-04-10T17:00:00Z,140,0,140,1
2022-04-10T18:00:00Z,134,0,134,1
2022-04-10T19:00:00Z,110,0,110,1
2022-04-10T20:00:00Z,905,0,905,1
2022-04-10T21:00:00Z,757,0,757,1
2022-04-10T22:00:00Z,171,0,171,0
2022-04-10T23:00:00Z,1874,0,1874,0
2022-04-11T00:00:00Z,619,0,619,0
2022-04-11T01:00:00Z,425,0,425,0
2022-04-11T02:00:00Z,2280,0,2280,0
2022-04-11T03:00:00Z,598,0,598,0
2022-04-11T04:00:00Z,380,0,380,0
2022-04-11T05:00:00Z,537,0,537,0
2022-04-11T06:00:00Z,355,0,355,1
2022-04-11T07:00:00Z,364,0,364,1
2022-04-11T08:00:00Z,339,0,339,1
2022-04-11T09:00:00Z,370,0,370,1
2022-04-11T10:00:00Z,1338,0,1338,1
2022-04-11T11:00:00Z,294,0,294,1
2022-04-11T12:00:00Z,239,0,239,1
2022-04-11T13:00:00Z,230,0,230,1
2022-04-11T14:00:00Z,225,0,225,1
2022-04-11T15:00:00Z,267,0,267,1
2022-04-11T16:00:00Z,130,0,130,1
2022-04-11T17:00:00Z,136,0,136,1
2022-04-11T18:00:00Z,126,0,126,1
2022-04-11T19:00:00Z,842,0,842,1
2022-04-11T20:00:00Z,790,0,790,1
2022-04-11T21:00:00Z,139,0,139,1
2022-04-11T22:00:00Z,134,0,134,0
2022-04-11T23:00:00Z,169,0,169,0
2022-04-12T00:00:00Z,0,427,427,0
2022-04-12T01:00:00Z,0,389,389,0
2022-04-12T02:00:00Z,0,333,333,0
2022-04-12T03:00:00Z,0,310,310,0
2022-04-12T04:00:00Z,0,362,362,0
2022-04-12T05:00:00Z,0,314,314,0
2022-04-12T06:00:00Z,0,365,365,1
2022-04-12T07:00:00Z,0,341,341,1
2022-04-12T08:00:00Z,0,354,354,1
2022-04-12T09:00:00Z,0,207,207,1
2022-04-12T10:00:00Z,0,319,319,1
2022-04-12T11:00:00Z,0,1013,1013,1
2022-04-12T12:00:00Z,0,295,295,1
2022-04-12T13:00:00Z,0,231,231,1
2022-04-12T14:00:00Z,0,211,211,1
2022-04-12T15:00:00Z,0,339,339,1
2022-04-12T16:00:00Z,280,2,282,1
2022-04-12T17:00:00Z,138,0,138,1
2022-04-12T18:00:00Z,122,0,122,1
2022-04-12T19:00:00Z,109,0,109,1
2022-04-12T20:00:00Z,645,0,645,1
2022-04-12T21:00:00Z,818,0,818,1
2022-04-12T22:00:00Z,291,0,291,0
2022-04-12T23:00:00Z,285,0,285,0
2022-04-13T00:00:00Z,0,251,251,0
2022-04-13T01:00:00Z,0,135,135,0
2022-04-13T02:00:00Z,0,114,114,0
2022-04-13T03:00:00Z,0,110,110,0
2022-04-13T04:00:00Z,0,125,125,0
2022-04-13T05:00:00Z,0,119,119,0
2022-04-13T06:00:00Z,0,123,123,1
2022-04-13T07:00:00Z,0,100,100,1
2022-04-13T08:00:00Z,0,118,118,1
2022-04-13T09:00:00Z,0,126,126,1
2022-04-13T10:00:00Z,0,1525,1525,1
2022-04-13T11:00:00Z,0,764,764,1
2022-04-13T12:00:00Z,0,274,274,1
2022-04-13T13:00:00Z,0,228,228,1
2022-04-13T14:00:00Z,0,219,219,1
2022-04-13T15:00:00Z,0,231,231,1
2022-04-13T16:00:00Z,163,1,164,1
2022-04-13T17:00:00Z,120,0,120,1
2022-04-13T18:00:00Z,119,0,119,1
2022-04-13T19:00:00Z,135,0,135,1
2022-04-13T20:00:00Z,889,0,889,1
2022-04-13T21:00:00Z,723,0,723,1
2022-04-13T22:00:00Z,130,0,130,0
2022-04-13T23:00:00Z,308,0,308,0
2022-04-14T00:00:00Z,3,739,742,0
2022-04-14T01:00:00Z,0,472,472,0
2022-04-14T02:00:00Z,0,956,956,0
2022-04-14T03:00:00Z,0,1026,1026,0
2022-04-14T04:00:00Z,0,657,657,0
2022-04-14T05:00:00Z,0,513,513,0
2022-04-14T06:00:00Z,0,183,183,1
2022-04-14T07:00:00Z,0,378,378,1
2022-04-14T08:00:00Z,0,449,449,1
2022-04-14T09:00:00Z,0,330,330,1
2022-04-14T10:00:00Z,0,800,800,1
2022-04-14T11:00:00Z,0,610,610,1
2022-04-14T12:00:00Z,0,480,480,1
2022-04-14T13:00:00Z,0,249,249,1
2022-04-14T14:00:00Z,0,237,237,1
2022-04-14T15:00:00Z,0,313,313,1
2022-04-14T16:00:00Z,162,1,163,1
2022-04-14T17:00:00Z,129,0,129,1
2022-04-14T18:00:00Z,128,0,128,1
2022-04-14T19:00:00Z,412,0,412,1
2022-04-14T20:00:00Z,653,0,653,1
2022-04-14T21:00:00Z,735,0,735,1
2022-04-14T22:00:00Z,121,0,121,0
2022-04-14T23:00:00Z,289,0,289,0
2022-04-15T00:00:00Z,4,442,446,0
2022-04-15T01:00:00Z,0,166,166,0
2022-04-15T02:00:00Z,0,193,193,0
2022-04-15T03:00:00Z,0,340,340,0
2022-04-15T04:00:00Z,0,299,299,0
2022-04-15T05:00:00Z,0,175,175,0
2022-04-15T06:00:00Z,0,136,136,1
2022-04-15T07:00:00Z,0,195,195,1
2022-04-15T08:00:00Z,0,183,183,1
2022-04-15T09:00:00Z,0,173,173,1
2022-04-15T10:00:00Z,0,683,683,1
2022-04-15T11:00:00Z,0,841,841,1
2022-04-15T12:00:00Z,0,275,275,1
2022-04-15T13:00:00Z,0,227,227,1
2022-04-15T14:00:00Z,0,216,216,1
2022-04-15T15:00:00Z,0,199,199,1
2022-04-15T16:00:00Z,146,0,146,1
2022-04-15T17:00:00Z,142,0,142,1
2022-04-15T18:00:00Z,127,0,127,1
2022-04-15T19:00:00Z,122,0,122,1
2022-04-15T20:00:00Z,115,0,115,1
2022-04-15T21:00:00Z,118,0,118,1
2022-04-15T22:00:00Z,123,0,123,0
2022-04-15T23:00:00Z,948,0,948,0
2022-04-16T00:00:00Z,7,1001,1008,0
2022-04-16T01:00:00Z,0,367,367,0
2022-04-16T02:00:00Z,0,232,232,0
2022-04-16T03:00:00Z,0,430,430,0
2022-04-16T04:00:00Z,0,186,186,0
2022-04-16T05:00:00Z,0,147,147,0
2022-04-16T06:00:00Z,0,124,124,1
2022-04-16T07:00:00Z,0,130,130,1
2022-04-16T08:00:00Z,0,173,173,1
2022-04-16T09:00:00Z,0,311,311,1
2022-04-16T10:00:00Z,0,953,953,1
2022-04-16T11:00:00Z,0,1321,1321,1
2022-04-16T12:00:00Z,0,264,264,1
2022-04-16T13:00:00Z,0,232,232,1
2022-04-16T14:00:00Z,0,412,412,1
2022-04-16T15:00:00Z,0,254,254,1
2022-04-16T16:00:00Z,133,0,133,1
2022-04-16T17:00:00Z,133,0,133,1
2022-04-16T18:00:00Z,131,0,131,1
2022-04-16T19:00:00Z,603,0,603,1
2022-04-16T20:00:00Z,461,0,461,1
2022-04-16T21:00:00Z,706,0,706,1
2022-04-16T22:00:00Z,124,0,124,0
2022-04-16T23:00:00Z,158,0,158,0
2022-04-17T00:00:00Z,736,0,736,0
2022-04-17T01:00:00Z,481,0,481,0
2022-04-17T02:00:00Z,581,0,581,0
2022-04-17T03:00:00Z,176,0,176,0
2022-04-17T04:00:00Z,1802,0,1802,0
2022-04-17T05:00:00Z,131,0,131,0
2022-04-17T06:00:00Z,1438,0,1438,1
2022-04-17T07:00:00Z,1690,0,1690,1
2022-04-17T08:00:00Z,379,0,379,1
2022-04-17T09:00:00Z,1269,0,1269,1
2022-04-17T10:00:00Z,2045,0,2045,1
2022-04-17T11:00:00Z,1117,0,1117,1
2022-04-17T12:00:00Z,315,0,315,1
2022-04-17T13:00:00Z,312,0,312,1
2022-04-17T14:00:00Z,249,0,249,1
2022-04-17T15:00:00Z,230,0,230,1
2022-04-17T16:00:00Z,554,0,554,1
2022-04-17T17:00:00Z,128,0,128,1
2022-04-17T18:00:00Z,128,0,128,1
2022-04-17T19:00:00Z,131,0,131,1
2022-04-17T20:00:00Z,805,0,805,1
2022-04-17T21:00:00Z,824,0,824,1
2022-04-17T22:00:00Z,122,0,122,0
2022-04-17T23:00:00Z,145,0,145,0
2022-04-18T00:00:00Z,314,0,314,0
2022-04-18T01:00:00Z,2087,0,2087,0
2022-04-18T02:00:00Z,416,0,416,0
2022-04-18T03:00:00Z,195,0,195,0
2022-04-18T04:00:00Z,158,0,158,0
2022-04-18T05:00:00Z,519,0,519,0
2022-04-18T06:00:00Z,287,0,287,1
2022-04-18T07:00:00Z,549,0,549,1
2022-04-18T08:00:00Z,138,0,138,1
2022-04-18T09:00:00Z,132,0,132,1
2022-04-18T10:00:00Z,311,0,311,1
2022-04-18T11:00:00Z,988,0,988,1
2022-04-18T12:00:00Z,282,0,282,1
2022-04-18T13:00:00Z,310,0,310,1
2022-04-18T14:00:00Z,260,0,260,1
2022-04-18T15:00:00Z,261,0,261,1
2022-04-18T16:00:00Z,180,0,180,1
2022-04-18T17:00:00Z,144,0,144,1
2022-04-18T18:00:00Z,134,0,134,1
2022-04-18T19:00:00Z,128,0,128,1
2022-04-18T20:00:00Z,932,0,932,1
2022-04-18T21:00:00Z,727,0,727,1
2022-04-18T22:00:00Z,119,0,119,0
2022-04-18T23:00:00Z,144,0,144,0
2022-04-19T00:00:00Z,461,0,461,0
2022-04-19T01:00:00Z,623,0,623,0
2022-04-19T02:00:00Z,779,0,779,0
2022-04-19T03:00:00Z,476,0,476,0
2022-04-19T04:00:00Z,385,0,385,0
2022-04-19T05:00:00Z,595,0,595,0
2022-04-19T06:00:00Z,2352,0,2352,1
2022-04-19T07:00:00Z,922,0,922,1
2022-04-19T08:00:00Z,450,0,450,1
2022-04-19T09:00:00Z,429,0,429,1
2022-04-19T10:00:00Z,1130,0,1130,1
2022-04-19T11:00:00Z,864,0,864,1
2022-04-19T12:00:00Z,251,0,251,1
2022-04-19T13:00:00Z,237,0,237,1
2022-04-19T14:00:00Z,241,0,241,1
2022-04-19T15:00:00Z,233,0,233,1
2022-04-19T16:00:00Z,220,0,220,1
2022-04-19T17:00:00Z,138,0,138,1
2022-04-19T18:00:00Z,134,0,134,1
2022-04-19T19:00:00Z,125,0,125,1
2022-04-19T20:00:00Z,761,0,761,1
2022-04-19T21:00:00Z,815,0,815,1
2022-04-19T22:00:00Z,131,0,131,0
2022-04-19T23:00:00Z,340,0,340,0
2022-04-20T00:00:00Z,1,260,261,0
2022-04-20T01:00:00Z,0,124,124,0
2022-04-20T02:00:00Z,0,115,115,0
2022-04-20T03:00:00Z,0,126,126,0
2022-04-20T04:00:00Z,0,176,176,0
2022-04-20T05:00:00Z,0,133,133,0
2022-04-20T06:00:00Z,0,126,126,1
2022-04-20T07:00:00Z,0,107,107,1
2022-04-20T08:00:00Z,0,111,111,1
2022-04-20T09:00:00Z,0,125,125,1
2022-04-20T10:00:00Z,0,331,331,1
2022-04-20T11:00:00Z,0,1144,1144,1
2022-04-20T12:00:00Z,0,419,419,1
2022-04-20T13:00:00Z,0,231,231,1
2022-04-20T14:00:00Z,0,211,211,1
2022-04-20T15:00:00Z,0,267,267,1
2022-04-20T16:00:00Z,209,7,216,1
2022-04-20T17:00:00Z,131,0,131,1
2022-04-20T18:00:00Z,130,0,130,1
2022-04-20T19:00:00Z,130,0,130,1
2022-04-20T20:00:00Z,880,0,880,1
2022-04-20T21:00:00Z,726,0,726,1
2022-04-20T22:00:00Z,114,0,114,0
2022-04-20T23:00:00Z,213,0,213,0
2022-04-21T00:00:00Z,1,356,357,0
2022-04-21T01:00:00Z,0,348,348,0
2022-04-21T02:00:00Z,0,265,265,0
2022-04-21T03:00:00Z,0,382,382,0
2022-04-21T04:00:00Z,0,267,267,0
2022-04-21T05:00:00Z,0,189,189,0
2022-04-21T06:00:00Z,0,157,157,1
2022-04-21T07:00:00Z,0,822,822,1
2022-04-21T08:00:00Z,0,143,143,1
2022-04-21T09:00:00Z,0,184,184,1
2022-04-21T10:00:00Z,0,1185,1185,1
2022-04-21T11:00:00Z,0,507,507,1
2022-04-21T12:00:00Z,0,239,239,1
2022-04-21T13:00:00Z,0,226,226,1
2022-04-21T14:00:00Z,0,217,217,1
2022-04-21T15:00:00Z,0,216,216,1
2022-04-21T16:00:00Z,140,0,140,1
2022-04-21T17:00:00Z,129,0,129,1
2022-04-21T18:00:00Z,130,0,130,1
2022-04-21T19:00:00Z,653,0,653,1
2022-04-21T20:00:00Z,411,0,411,1
2022-04-21T21:00:00Z,700,0,700,1
2022-04-21T22:00:00Z,120,0,120,0
2022-04-21T23:00:00Z,174,0,174,0
2022-04-22T00:00:00Z,0,423,423,0
2022-04-22T01:00:00Z,0,387,387,0
2022-04-22T02:00:00Z,0,363,363,0
2022-04-22T03:00:00Z,0,334,334,0
2022-04-22T04:00:00Z,0,347,347,0
2022-04-22T05:00:00Z,0,378,378,0
2022-04-22T06:00:00Z,0,339,339,1
2022-04-22T07:00:00Z,0,342,342,1
2022-04-22T08:00:00Z,0,311,311,1
2022-04-22T09:00:00Z,0,234,234,1
2022-04-22T10:00:00Z,0,328,328,1
2022-04-22T11:00:00Z,0,959,959,1
2022-04-22T12:00:00Z,0,380,380,1
2022-04-22T13:00:00Z,0,242,242,1
2022-04-22T14:00:00Z,0,219,219,1
2022-04-22T15:00:00Z,0,225,225,1
2022-04-22T16:00:00Z,188,0,188,1
2022-04-22T17:00:00Z,132,0,132,1
2022-04-22T18:00:00Z,129,0,129,1
2022-04-22T19:00:00Z,128,0,128,1
2022-04-22T20:00:00Z,863,0,863,1
2022-04-22T21:00:00Z,744,0,744,1
2022-04-22T22:00:00Z,118,0,118,0
2022-04-22T23:00:00Z,122,0,122,0
2022-04-23T00:00:00Z,1,355,356,0
2022-04-23T01:00:00Z,0,293,293,0
2022-04-23T02:00:00Z,0,133,133,0
2022-04-23T03:00:00Z,0,141,141,0
2022-04-23T04:00:00Z,0,168,168,0
2022-04-23T05:00:00Z,0,146,146,0
2022-04-23T06:00:00Z,0,157,157,1
2022-04-23T07:00:00Z,0,133,133,1
2022-04-23T08:00:00Z,0,144,144,1
2022-04-23T09:00:00Z,0,141,141,1
2022-04-23T10:00:00Z,0,569,569,1
2022-04-23T11:00:00Z,0,547,547,1
2022-04-23T12:00:00Z,0,256,256,1
2022-04-23T13:00:00Z,0,255,255,1
2022-04-23T14:00:00Z,0,224,224,1
2022-04-23T15:00:00Z,0,349,349,1
2022-04-23T16:00:00Z,167,0,167,1
2022-04-23T17:00:00Z,122,0,122,1
2022-04-23T18:00:00Z,119,0,119,1
2022-04-23T19:00:00Z,353,0,353,1
2022-04-23T20:00:00Z,673,0,673,1
2022-04-23T21:00:00Z,697,0,697,1
2022-04-23T22:00:00Z,123,0,123,0
2022-04-23T23:00:00Z,128,0,128,0
2022-04-24T00:00:00Z,737,0,737,0
2022-04-24T01:00:00Z,402,0,402,0
2022-04-24T02:00:00Z,750,0,750,0
2022-04-24T03:00:00Z,556,0,556,0
2022-04-24T04:00:00Z,157,0,157,0
2022-04-24T05:00:00Z,2997,0,2997,0
2022-04-24T06:00:00Z,1696,0,1696,1
2022-04-24T07:00:00Z,1754,0,1754,1
2022-04-24T08:00:00Z,520,0,520,1
2022-04-24T09:00:00Z,535,0,535,1
2022-04-24T10:00:00Z,2747,0,2747,1
2022-04-24T11:00:00Z,2423,0,2423,1
2022-04-24T12:00:00Z,372,0,372,1
2022-04-24T13:00:00Z,247,0,247,1
2022-04-24T14:00:00Z,239,0,239,1
2022-04-24T15:00:00Z,238,0,238,1
2022-04-24T16:00:00Z,544,0,544,1
2022-04-24T17:00:00Z,150,0,150,1
2022-04-24T18:00:00Z,128,0,128,1
2022-04-24T19:00:00Z,125,0,125,1
2022-04-24T20:00:00Z,678,0,678,1
2022-04-24T21:00:00Z,398,0,398,1
2022-04-24T22:00:00Z,666,0,666,0
2022-04-24T23:00:00Z,119,0,119,0
2022-04-25T00:00:00Z,350,0,350,0
2022-04-25T01:00:00Z,1495,0,1495,0
2022-04-25T02:00:00Z,902,0,902,0
2022-04-25T03:00:00Z,963,0,963,0
2022-04-25T04:00:00Z,1114,0,1114,0
2022-04-25T05:00:00Z,620,0,620,0
2022-04-25T06:00:00Z,2900,0,2900,1
2022-04-25T07:00:00Z,877,0,877,1
2022-04-25T08:00:00Z,778,0,778,1
2022-04-25T09:00:00Z,405,0,405,1
2022-04-25T10:00:00Z,1163,0,1163,1
2022-04-25T11:00:00Z,1858,0,1858,1
2022-04-25T12:00:00Z,290,0,290,1
2022-04-25T13:00:00Z,221,0,221,1
2022-04-25T14:00:00Z,226,0,226,1
2022-04-25T15:00:00Z,262,0,262,1
2022-04-25T16:00:00Z,154,0,154,1
2022-04-25T17:00:00Z,131,0,131,1
2022-04-25T18:00:00Z,116,0,116,1
2022-04-25T19:00:00Z,128,0,128,1
2022-04-25T20:00:00Z,902,0,902,1
2022-04-25T21:00:00Z,717,0,717,1
2022-04-25T22:00:00Z,131,0,131,0
2022-04-25T23:00:00Z,267,0,267,0
2022-04-26T00:00:00Z,1,407,408,0
2022-04-26T01:00:00Z,0,325,325,0
2022-04-26T02:00:00Z,0,296,296,0
2022-04-26T03:00:00Z,0,367,367,0
2022-04-26T04:00:00Z,0,204,204,0
2022-04-26T05:00:00Z,0,181,181,0
2022-04-26T06:00:00Z,0,1229,1229,1
2022-04-26T07:00:00Z,0,183,183,1
2022-04-26T08:00:00Z,0,159,159,1
2022-04-26T09:00:00Z,0,143,143,1
2022-04-26T10:00:00Z,0,623,623,1
2022-04-26T11:00:00Z,0,995,995,1
2022-04-26T12:00:00Z,0,263,263,1
2022-04-26T13:00:00Z,0,223,223,1
2022-04-26T14:00:00Z,0,221,221,1
2022-04-26T15:00:00Z,0,252,252,1
2022-04-26T16:00:00Z,240,1,241,1
2022-04-26T17:00:00Z,137,0,137,1
2022-04-26T18:00:00Z,123,0,123,1
2022-04-26T19:00:00Z,117,0,117,1
2022-04-26T20:00:00Z,742,0,742,1
2022-04-26T21:00:00Z,833,0,833,1
2022-04-26T22:00:00Z,188,0,188,0
2022-04-26T23:00:00Z,345,0,345,0
2022-04-27T00:00:00Z,1,260,261,0
2022-04-27T01:00:00Z,0,381,381,0
2022-04-27T02:00:00Z,0,488,488,0
2022-04-27T03:00:00Z,0,766,766,0
2022-04-27T04:00:00Z,0,215,215,0
2022-04-27T05:00:00Z,0,404,404,0
2022-04-27T06:00:00Z,0,134,134,1
2022-04-27T07:00:00Z,0,116,116,1
2022-04-27T08:00:00Z,0,118,118,1
2022-04-27T09:00:00Z,0,131,131,1
2022-04-27T10:00:00Z,0,530,530,1
2022-04-27T11:00:00Z,0,774,774,1
2022-04-27T12:00:00Z,0,291,291,1
2022-04-27T13:00:00Z,0,223,223,1
2022-04-27T14:00:00Z,0,226,226,1
2022-04-27T15:00:00Z,0,271,271,1
2022-04-27T16:00:00Z,163,1,164,1
2022-04-27T17:00:00Z,130,0,130,1
2022-04-27T18:00:00Z,134,0,134,1
2022-04-27T19:00:00Z,160,0,160,1
2022-04-27T20:00:00Z,905,0,905,1
2022-04-27T21:00:00Z,713,0,713,1
2022-04-27T22:00:00Z,138,0,138,0
2022-04-27T23:00:00Z,150,0,150,0
2022-04-28T00:00:00Z,392,0,392,0
2022-04-28T01:00:00Z,508,0,508,0
2022-04-28T02:00:00Z,252,0,252,0
2022-04-28T03:00:00Z,185,0,185,0
2022-04-28T04:00:00Z,416,0,416,0
2022-04-28T05:00:00Z,353,0,353,0
2022-04-28T06:00:00Z,288,0,288,1
2022-04-28T07:00:00Z,115,0,115,1
2022-04-28T08:00:00Z,111,0,111,1
2022-04-28T09:00:00Z,144,0,144,1
2022-04-28T10:00:00Z,120,0,120,1
2022-04-28T11:00:00Z,137,0,137,1
2022-04-28T12:00:00Z,991,0,991,1
2022-04-28T13:00:00Z,273,0,273,1
2022-04-28T14:00:00Z,228,0,228,1
2022-04-28T15:00:00Z,288,0,288,1
2022-04-28T16:00:00Z,163,0,163,1
2022-04-28T17:00:00Z,140,0,140,1
2022-04-28T18:00:00Z,126,0,126,1
2022-04-28T19:00:00Z,102,0,102,1
2022-04-28T20:00:00Z,902,0,902,1
2022-04-28T21:00:00Z,709,0,709,1
2022-04-28T22:00:00Z,131,0,131,0
2022-04-28T23:00:00Z,147,0,147,0
2022-04-29T00:00:00Z,0,307,307,0
2022-04-29T01:00:00Z,0,311,311,0
2022-04-29T02:00:00Z,0,964,964,0
2022-04-29T03:00:00Z,0,250,250,0
2022-04-29T04:00:00Z,0,168,168,0
2022-04-29T05:00:00Z,0,155,155,0
2022-04-29T06:00:00Z,0,122,122,1
2022-04-29T07:00:00Z,0,123,123,1
2022-04-29T08:00:00Z,0,154,154,1
2022-04-29T09:00:00Z,0,146,146,1
2022-04-29T10:00:00Z,0,196,196,1
2022-04-29T11:00:00Z,0,1097,1097,1
2022-04-29T12:00:00Z,0,518,518,1
2022-04-29T13:00:00Z,0,312,312,1
2022-04-29T14:00:00Z,0,280,280,1
2022-04-29T15:00:00Z,0,273,273,1
2022-04-29T16:00:00Z,286,0,286,1
2022-04-29T17:00:00Z,135,0,135,1
2022-04-29T18:00:00Z,134,0,134,1
2022-04-29T19:00:00Z,133,0,133,1
2022-04-29T20:00:00Z,699,0,699,1
2022-04-29T21:00:00Z,801,0,801,1
2022-04-29T22:00:00Z,236,0,236,0
2022-04-29T23:00:00Z,140,0,140,0
2022-04-30T00:00:00Z,0,138,138,0
2022-04-30T01:00:00Z,0,363,363,0
2022-04-30T02:00:00Z,0,401,401,0
2022-04-30T03:00:00Z,0,413,413,0
2022-04-30T04:00:00Z,0,318,318,0
2022-04-30T05:00:00Z,0,312,312,0
2022-04-30T06:00:00Z,0,315,315,1
2022-04-30T07:00:00Z,0,865,865,1
2022-04-30T08:00:00Z,0,537,537,1
2022-04-30T09:00:00Z,0,533,533,1
2022-04-30T10:00:00Z,0,269,269,1
2022-04-30T11:00:00Z,0,828,828,1
2022-04-30T12:00:00Z,0,416,416,1
2022-04-30T13:00:00Z,0,291,291,1
2022-04-30T14:00:00Z,0,263,263,1
2022-04-30T15:00:00Z,0,334,334,1
2022-04-30T16:00:00Z,451,4,455,1
2022-04-30T17:00:00Z,142,0,142,1
2022-04-30T18:00:00Z,132,0,132,1
2022-04-30T19:00:00Z,125,0,125,1
2022-04-30T20:00:00Z,917,0,917,1
2022-04-30T21:00:00Z,726,0,726,1
2022-04-30T22:00:00Z,131,0,131,0
2022-04-30T23:00:00Z,154,0,154,0
2022-05-01T00:00:00Z,124,0,124,0
2022-05-01T01:00:00Z,305,0,305,0
2022-05-01T02:00:00Z,1504,0,1504,0
2022-05-01T03:00:00Z,2611,0,2611,0
2022-05-01T04:00:00Z,883,0,883,0
2022-05-01T05:00:00Z,2252,0,2252,0
2022-05-01T06:00:00Z,839,0,839,1
2022-05-01T07:00:00Z,196,0,196,1
2022-05-01T08:00:00Z,1146,0,1146,1
2022-05-01T09:00:00Z,459,0,459,1
2022-05-01T10:00:00Z,1999,0,1999,1
2022-05-01T11:00:00Z,1431,0,1431,1
2022-05-01T12:00:00Z,441,0,441,1
2022-05-01T13:00:00Z,404,0,404,1
2022-05-01T14:00:00Z,283,0,283,1
2022-05-01T15:00:00Z,264,0,264,1
2022-05-01T16:00:00Z,495,0,495,1
2022-05-01T17:00:00Z,152,0,152,1
2022-05-01T18:00:00Z,140,0,140,1
2022-05-01T19:00:00Z,140,0,140,1
2022-05-01T20:00:00Z,756,0,756,1
2022-05-01T21:00:00Z,819,0,819,1
2022-05-01T22:00:00Z,243,0,243,0
2022-05-01T23:00:00Z,164,0,164,0
2022-05-02T00:00:00Z,159,0,159,0
2022-05-02T01:00:00Z,2593,0,2593,0
2022-05-02T02:00:00Z,1511,0,1511,0
2022-05-02T03:00:00Z,1752,0,1752,0
2022-05-02T04:00:00Z,845,0,845,0
2022-05-02T05:00:00Z,875,0,875,0
2022-05-02T06:00:00Z,365,0,365,1
2022-05-02T07:00:00Z,886,0,886,1
2022-05-02T08:00:00Z,1639,0,1639,1
2022-05-02T09:00:00Z,386,0,386,1
2022-05-02T10:00:00Z,2300,0,2300,1
2022-05-02T11:00:00Z,551,0,551,1
2022-05-02T12:00:00Z,243,0,243,1
2022-05-02T13:00:00Z,308,0,308,1
2022-05-02T14:00:00Z,340,0,340,1
2022-05-02T15:00:00Z,483,0,483,1
2022-05-02T16:00:00Z,208,0,208,1
2022-05-02T17:00:00Z,153,0,153,1
2022-05-02T18:00:00Z,123,0,123,1
2022-05-02T19:00:00Z,505,0,505,1
2022-05-02T20:00:00Z,524,0,524,1
2022-05-02T21:00:00Z,707,0,707,1
2022-05-02T22:00:00Z,124,0,124,0
2022-05-02T23:00:00Z,286,0,286,0
2022-05-03T00:00:00Z,0,477,477,0
2022-05-03T01:00:00Z,0,330,330,0
2022-05-03T02:00:00Z,0,343,343,0
2022-05-03T03:00:00Z,0,869,869,0
2022-05-03T04:00:00Z,0,921,921,0
2022-05-03T05:00:00Z,0,439,439,0
2022-05-03T06:00:00Z,0,381,381,1
2022-05-03T07:00:00Z,0,577,577,1
2022-05-03T08:00:00Z,0,369,369,1
2022-05-03T09:00:00Z,0,156,156,1
2022-05-03T10:00:00Z,0,190,190,1
2022-05-03T11:00:00Z,0,1366,1366,1
2022-05-03T12:00:00Z,0,706,706,1
2022-05-03T13:00:00Z,0,237,237,1
2022-05-03T14:00:00Z,0,222,222,1
2022-05-03T15:00:00Z,0,248,248,1
2022-05-03T16:00:00Z,198,1,199,1
2022-05-03T17:00:00Z,130,0,130,1
2022-05-03T18:00:00Z,131,0,131,1
2022-05-03T19:00:00Z,126,0,126,1
2022-05-03T20:00:00Z,917,0,917,1
2022-05-03T21:00:00Z,724,0,724,1
2022-05-03T22:00:00Z,130,0,130,0
2022-05-03T23:00:00Z,388,0,388,0
2022-05-04T00:00:00Z,0,341,341,0
2022-05-04T01:00:00Z,0,199,199,0
2022-05-04T02:00:00Z,0,132,132,0
2022-05-04T03:00:00Z,0,603,603,0
2022-05-04T04:00:00Z,0,164,164,0
2022-05-04T05:00:00Z,0,319,319,0
2022-05-04T06:00:00Z,0,265,265,1
2022-05-04T07:00:00Z,0,168,168,1
2022-05-04T08:00:00Z,0,136,136,1
2022-05-04T09:00:00Z,0,345,345,1
2022-05-04T10:00:00Z,0,539,539,1
2022-05-04T11:00:00Z,0,1082,1082,1
2022-05-04T12:00:00Z,0,383,383,1
2022-05-04T13:00:00Z,0,245,245,1
2022-05-04T14:00:00Z,0,226,226,1
2022-05-04T15:00:00Z,0,253,253,1
2022-05-04T16:00:00Z,196,1,197,1
2022-05-04T17:00:00Z,131,0,131,1
2022-05-04T18:00:00Z,130,0,130,1
2022-05-04T19:00:00Z,125,0,125,1
2022-05-04T20:00:00Z,924,0,924,1
2022-05-04T21:00:00Z,736,0,736,1
2022-05-04T22:00:00Z,120,0,120,0
2022-05-04T23:00:00Z,279,0,279,0
2022-05-05T00:00:00Z,0,278,278,0
2022-05-05T01:00:00Z,0,537,537,0
2022-05-05T02:00:00Z,0,677,677,0
2022-05-05T03:00:00Z,0,400,400,0
2022-05-05T04:00:00Z,0,215,215,0
2022-05-05T05:00:00Z,0,147,147,0
2022-05-05T06:00:00Z,0,795,795,1
2022-05-05T07:00:00Z,0,160,160,1
2022-05-05T08:00:00Z,0,140,140,1
2022-05-05T09:00:00Z,0,133,133,1
2022-05-05T10:00:00Z,0,174,174,1
2022-05-05T11:00:00Z,0,704,704,1
2022-05-05T12:00:00Z,0,413,413,1
2022-05-05T13:00:00Z,0,232,232,1
2022-05-05T14:00:00Z,0,227,227,1
2022-05-05T15:00:00Z,0,371,371,1
2022-05-05T16:00:00Z,265,1,266,1
2022-05-05T17:00:00Z,144,0,144,1
2022-05-05T18:00:00Z,122,0,122,1
2022-05-05T19:00:00Z,118,0,118,1
2022-05-05T20:00:00Z,357,0,357,1
2022-05-05T21:00:00Z,699,0,699,1
2022-05-05T22:00:00Z,718,0,718,0
2022-05-05T23:00:00Z,142,0,142,0
2022-05-06T00:00:00Z,0,138,138,0
2022-05-06T01:00:00Z,0,1309,1309,0
2022-05-06T02:00:00Z,0,603,603,0
2022-05-06T03:00:00Z,0,542,542,0
2022-05-06T04:00:00Z,0,1578,1578,0
2022-05-06T05:00:00Z,0,721,721,0
2022-05-06T06:00:00Z,0,371,371,1
2022-05-06T07:00:00Z,0,141,141,1
2022-05-06T08:00:00Z,0,134,134,1
2022-05-06T09:00:00Z,0,140,140,1
2022-05-06T10:00:00Z,0,566,566,1
2022-05-06T11:00:00Z,0,1429,1429,1
2022-05-06T12:00:00Z,0,471,471,1
2022-05-06T13:00:00Z,0,244,244,1
2022-05-06T14:00:00Z,0,229,229,1
2022-05-06T15:00:00Z,0,232,232,1
2022-05-06T16:00:00Z,317,0,317,1
2022-05-06T17:00:00Z,148,0,148,1
2022-05-06T18:00:00Z,128,0,128,1
2022-05-06T19:00:00Z,129,0,129,1
2022-05-06T20:00:00Z,717,0,717,1
2022-05-06T21:00:00Z,825,0,825,1
2022-05-06T22:00:00Z,211,0,211,0
2022-05-06T23:00:00Z,130,0,130,0
2022-05-07T00:00:00Z,0,277,277,0
2022-05-07T01:00:00Z,0,309,309,0
2022-05-07T02:00:00Z,0,461,461,0
2022-05-07T03:00:00Z,0,160,160,0
2022-05-07T04:00:00Z,0,125,125,0
2022-05-07T05:00:00Z,0,122,122,0
2022-05-07T06:00:00Z,0,151,151,1
2022-05-07T07:00:00Z,0,232,232,1
2022-05-07T08:00:00Z,0,243,243,1
2022-05-07T09:00:00Z,0,139,139,1
2022-05-07T10:00:00Z,0,121,121,1
2022-05-07T11:00:00Z,0,500,500,1
2022-05-07T12:00:00Z,0,788,788,1
2022-05-07T13:00:00Z,0,219,219,1
2022-05-07T14:00:00Z,0,218,218,1
2022-05-07T15:00:00Z,0,245,245,1
2022-05-07T16:00:00Z,151,0,151,1
2022-05-07T17:00:00Z,130,0,130,1
2022-05-07T18:00:00Z,130,0,130,1
2022-05-07T19:00:00Z,145,0,145,1
2022-05-07T20:00:00Z,852,0,852,1
2022-05-07T21:00:00Z,678,0,678,1
2022-05-07T22:00:00Z,107,0,107,0
2022-05-07T23:00:00Z,172,0,172,0
2022-05-08T00:00:00Z,1557,0,1557,0
2022-05-08T01:00:00Z,1537,0,1537,0
2022-05-08T02:00:00Z,327,0,327,0
2022-05-08T03:00:00Z,858,0,858,0
2022-05-08T04:00:00Z,202,0,202,0
2022-05-08T05:00:00Z,129,0,129,0
2022-05-08T06:00:00Z,2203,0,2203,1
2022-05-08T07:00:00Z,773,0,773,1
2022-05-08T08:00:00Z,460,0,460,1
2022-05-08T09:00:00Z,162,0,162,1
2022-05-08T10:00:00Z,711,0,711,1
2022-05-08T11:00:00Z,1080,0,1080,1
2022-05-08T12:00:00Z,1757,0,1757,1
2022-05-08T13:00:00Z,1297,0,1297,1
2022-05-08T14:00:00Z,241,0,241,1
2022-05-08T15:00:00Z,243,0,243,1
2022-05-08T16:00:00Z,242,0,242,1
2022-05-08T17:00:00Z,141,0,141,1
2022-05-08T18:00:00Z,132,0,132,1
2022-05-08T19:00:00Z,123,0,123,1
2022-05-08T20:00:00Z,699,0,699,1
2022-05-08T21:00:00Z,676,0,676,1
2022-05-08T22:00:00Z,376,0,376,0
2022-05-08T23:00:00Z,120,0,120,0
2022-05-09T00:00:00Z,300,0,300,0
2022-05-09T01:00:00Z,368,0,368,0
2022-05-09T02:00:00Z,1583,0,1583,0
2022-05-09T03:00:00Z,291,0,291,0
2022-05-09T04:00:00Z,1247,0,1247,0
2022-05-09T05:00:00Z,1142,0,1142,0
2022-05-09T06:00:00Z,683,0,683,1
2022-05-09T07:00:00Z,1133,0,1133,1
2022-05-09T08:00:00Z,938,0,938,1
2022-05-09T09:00:00Z,265,0,265,1
2022-05-09T10:00:00Z,252,0,252,1
2022-05-09T11:00:00Z,809,0,809,1
2022-05-09T12:00:00Z,480,0,480,1
2022-05-09T13:00:00Z,332,0,332,1
2022-05-09T14:00:00Z,230,0,230,1
2022-05-09T15:00:00Z,228,0,228,1
2022-05-09T16:00:00Z,252,0,252,1
2022-05-09T17:00:00Z,160,0,160,1
2022-05-09T18:00:00Z,137,0,137,1
2022-05-09T19:00:00Z,131,0,131,1
2022-05-09T20:00:00Z,124,0,124,1
2022-05-09T21:00:00Z,876,0,876,1
2022-05-09T22:00:00Z,701,0,701,0
2022-05-09T23:00:00Z,205,0,205,0
2022-05-10T00:00:00Z,0,373,373,0
2022-05-10T01:00:00Z,0,373,373,0
2022-05-10T02:00:00Z,0,220,220,0
2022-05-10T03:00:00Z,0,263,263,0
2022-05-10T04:00:00Z,0,478,478,0
2022-05-10T05:00:00Z,0,201,201,0
2022-05-10T06:00:00Z,0,157,157,1
2022-05-10T07:00:00Z,0,262,262,1
2022-05-10T08:00:00Z,0,592,592,1
2022-05-10T09:00:00Z,0,174,174,1
2022-05-10T10:00:00Z,0,631,631,1
2022-05-10T11:00:00Z,0,838,838,1
2022-05-10T12:00:00Z,0,281,281,1
2022-05-10T13:00:00Z,0,307,307,1
2022-05-10T14:00:00Z,0,228,228,1
2022-05-10T15:00:00Z,0,310,310,1
2022-05-10T16:00:00Z,195,2,197,1
2022-05-10T17:00:00Z,136,0,136,1
2022-05-10T18:00:00Z,129,0,129,1
2022-05-10T19:00:00Z,132,0,132,1
2022-05-10T20:00:00Z,889,0,889,1
2022-05-10T21:00:00Z,714,0,714,1
2022-05-10T22:00:00Z,127,0,127,0
2022-05-10T23:00:00Z,227,0,227,0
2022-05-11T00:00:00Z,1,176,177,0
2022-05-11T01:00:00Z,0,256,256,0
2022-05-11T02:00:00Z,0,198,198,0
2022-05-11T03:00:00Z,0,239,239,0
2022-05-11T04:00:00Z,0,548,548,0
2022-05-11T05:00:00Z,0,251,251,0
2022-05-11T06:00:00Z,0,152,152,1
2022-05-11T07:00:00Z,0,127,127,1
2022-05-11T08:00:00Z,0,124,124,1
2022-05-11T09:00:00Z,0,143,143,1
2022-05-11T10:00:00Z,0,532,532,1
2022-05-11T11:00:00Z,0,750,750,1
2022-05-11T12:00:00Z,0,411,411,1
2022-05-11T13:00:00Z,0,231,231,1
2022-05-11T14:00:00Z,0,226,226,1
2022-05-11T15:00:00Z,0,213,213,1
2022-05-11T16:00:00Z,168,0,168,1
2022-05-11T17:00:00Z,149,0,149,1
2022-05-11T18:00:00Z,130,0,130,1
2022-05-11T19:00:00Z,129,0,129,1
2022-05-11T20:00:00Z,598,0,598,1
2022-05-11T21:00:00Z,445,0,445,1
2022-05-11T22:00:00Z,681,0,681,0
2022-05-11T23:00:00Z,176,0,176,0
2022-05-12T00:00:00Z,1,298,299,0
2022-05-12T01:00:00Z,0,456,456,0
2022-05-12T02:00:00Z,0,184,184,0
2022-05-12T03:00:00Z,0,210,210,0
2022-05-12T04:00:00Z,0,604,604,0
2022-05-12T05:00:00Z,0,169,169,0
2022-05-12T06:00:00Z,0,155,155,1
2022-05-12T07:00:00Z,0,150,150,1
2022-05-12T08:00:00Z,0,150,150,1
2022-05-12T09:00:00Z,0,142,142,1
2022-05-12T10:00:00Z,0,389,389,1
2022-05-12T11:00:00Z,0,739,739,1
2022-05-12T12:00:00Z,0,236,236,1
2022-05-12T13:00:00Z,0,223,223,1
2022-05-12T14:00:00Z,0,224,224,1
2022-05-12T15:00:00Z,0,232,232,1
2022-05-12T16:00:00Z,331,1,332,1
2022-05-12T17:00:00Z,138,0,138,1
2022-05-12T18:00:00Z,127,0,127,1
2022-05-12T19:00:00Z,127,0,127,1
2022-05-12T20:00:00Z,879,0,879,1
2022-05-12T21:00:00Z,707,0,707,1
2022-05-12T22:00:00Z,128,0,128,0
2022-05-12T23:00:00Z,223,0,223,0
2022-05-13T00:00:00Z,0,378,378,0
2022-05-13T01:00:00Z,0,606,606,0
2022-05-13T02:00:00Z,0,1471,1471,0
2022-05-13T03:00:00Z,0,334,334,0
2022-05-13T04:00:00Z,0,506,506,0
2022-05-13T05:00:00Z,0,152,152,0
2022-05-13T06:00:00Z,0,314,314,1
2022-05-13T07:00:00Z,0,236,236,1
2022-05-13T08:00:00Z,0,141,141,1
2022-05-13T09:00:00Z,0,127,127,1
2022-05-13T10:00:00Z,0,117,117,1
2022-05-13T11:00:00Z,0,575,575,1
2022-05-13T12:00:00Z,0,339,339,1
2022-05-13T13:00:00Z,0,265,265,1
2022-05-13T14:00:00Z,0,222,222,1
2022-05-13T15:00:00Z,0,223,223,1
2022-05-13T16:00:00Z,308,0,308,1
2022-05-13T17:00:00Z,147,0,147,1
2022-05-13T18:00:00Z,128,0,128,1
2022-05-13T19:00:00Z,127,0,127,1
2022-05-13T20:00:00Z,679,0,679,1
2022-05-13T21:00:00Z,709,0,709,1
2022-05-13T22:00:00Z,313,0,313,0
2022-05-13T23:00:00Z,117,0,117,0
2022-05-14T00:00:00Z,1,248,249,0
2022-05-14T01:00:00Z,0,320,320,0
2022-05-14T02:00:00Z,0,148,148,0
2022-05-14T03:00:00Z,0,154,154,0
2022-05-14T04:00:00Z,0,143,143,0
2022-05-14T05:00:00Z,0,154,154,0
2022-05-14T06:00:00Z,0,292,292,1
2022-05-14T07:00:00Z,0,383,383,1
2022-05-14T08:00:00Z,0,260,260,1
2022-05-14T09:00:00Z,0,118,118,1
2022-05-14T10:00:00Z,0,150,150,1
2022-05-14T11:00:00Z,0,212,212,1
2022-05-14T12:00:00Z,0,742,742,1
2022-05-14T13:00:00Z,0,248,248,1
2022-05-14T14:00:00Z,0,228,228,1
2022-05-14T15:00:00Z,0,220,220,1
2022-05-14T16:00:00Z,254,1,255,1
2022-05-14T17:00:00Z,144,0,144,1
2022-05-14T18:00:00Z,126,0,126,1
2022-05-14T19:00:00Z,124,0,124,1
2022-05-14T20:00:00Z,578,0,578,1
2022-05-14T21:00:00Z,463,0,463,1
2022-05-14T22:00:00Z,685,0,685,0
2022-05-14T23:00:00Z,130,0,130,0
2022-05-15T00:00:00Z,605,0,605,0
2022-05-15T01:00:00Z,1381,0,1381,0
2022-05-15T02:00:00Z,622,0,622,0
2022-05-15T03:00:00Z,269,0,269,0
2022-05-15T04:00:00Z,241,0,241,0
2022-05-15T05:00:00Z,871,0,871,0
2022-05-15T06:00:00Z,1114,0,1114,1
2022-05-15T07:00:00Z,134,0,134,1
2022-05-15T08:00:00Z,190,0,190,1
2022-05-15T09:00:00Z,1627,0,1627,1
2022-05-15T10:00:00Z,877,0,877,1
2022-05-15T11:00:00Z,276,0,276,1
2022-05-15T12:00:00Z,392,0,392,1
2022-05-15T13:00:00Z,260,0,260,1
2022-05-15T14:00:00Z,226,0,226,1
2022-05-15T15:00:00Z,309,0,309,1
2022-05-15T16:00:00Z,323,0,323,1
2022-05-15T17:00:00Z,174,0,174,1
2022-05-15T18:00:00Z,133,0,133,1
2022-05-15T19:00:00Z,127,0,127,1
2022-05-15T20:00:00Z,746,0,746,1
2022-05-15T21:00:00Z,824,0,824,1
2022-05-15T22:00:00Z,126,0,126,0
2022-05-15T23:00:00Z,118,0,118,0
2022-05-16T00:00:00Z,404,0,404,0
2022-05-16T01:00:00Z,1582,0,1582,0
2022-05-16T02:00:00Z,852,0,852,0
2022-05-16T03:00:00Z,357,0,357,0
2022-05-16T04:00:00Z,1749,0,1749,0
2022-05-16T05:00:00Z,381,0,381,0
2022-05-16T06:00:00Z,136,0,136,1
2022-05-16T07:00:00Z,267,0,267,1
2022-05-16T08:00:00Z,283,0,283,1
2022-05-16T09:00:00Z,258,0,258,1
2022-05-16T10:00:00Z,191,0,191,1
2022-05-16T11:00:00Z,900,0,900,1
2022-05-16T12:00:00Z,257,0,257,1
2022-05-16T13:00:00Z,228,0,228,1
2022-05-16T14:00:00Z,232,0,232,1
2022-05-16T15:00:00Z,308,0,308,1
2022-05-16T16:00:00Z,159,0,159,1
2022-05-16T17:00:00Z,137,0,137,1
2022-05-16T18:00:00Z,129,0,129,1
2022-05-16T19:00:00Z,462,0,462,1
2022-05-16T20:00:00Z,526,0,526,1
2022-05-16T21:00:00Z,660,0,660,1
2022-05-16T22:00:00Z,128,0,128,0
2022-05-16T23:00:00Z,255,0,255,0
2022-05-17T00:00:00Z,1,208,209,0
2022-05-17T01:00:00Z,0,332,332,0
2022-05-17T02:00:00Z,0,392,392,0
2022-05-17T03:00:00Z,0,276,276,0
2022-05-17T04:00:00Z,0,246,246,0
2022-05-17T05:00:00Z,0,499,499,0
2022-05-17T06:00:00Z,0,349,349,1
2022-05-17T07:00:00Z,0,207,207,1
2022-05-17T08:00:00Z,0,204,204,1
2022-05-17T09:00:00Z,0,842,842,1
2022-05-17T10:00:00Z,0,733,733,1
2022-05-17T11:00:00Z,0,332,332,1
2022-05-17T12:00:00Z,0,247,247,1
2022-05-17T13:00:00Z,0,269,269,1
2022-05-17T14:00:00Z,0,247,247,1
2022-05-17T15:00:00Z,0,284,284,1
2022-05-17T16:00:00Z,160,0,160,1
2022-05-17T17:00:00Z,144,0,144,1
2022-05-17T18:00:00Z,132,0,132,1
2022-05-17T19:00:00Z,349,0,349,1
2022-05-17T20:00:00Z,631,0,631,1
2022-05-17T21:00:00Z,674,0,674,1
2022-05-17T22:00:00Z,122,0,122,0
2022-05-17T23:00:00Z,237,0,237,0
2022-05-18T00:00:00Z,4,317,321,0
2022-05-18T01:00:00Z,0,232,232,0
2022-05-18T02:00:00Z,0,194,194,0
2022-05-18T03:00:00Z,0,291,291,0
2022-05-18T04:00:00Z,0,361,361,0
2022-05-18T05:00:00Z,0,206,206,0
2022-05-18T06:00:00Z,0,178,178,1
2022-05-18T07:00:00Z,0,189,189,1
2022-05-18T08:00:00Z,0,197,197,1
2022-05-18T09:00:00Z,0,138,138,1
2022-05-18T10:00:00Z,0,229,229,1
2022-05-18T11:00:00Z,0,889,889,1
2022-05-18T12:00:00Z,0,252,252,1
2022-05-18T13:00:00Z,0,225,225,1
2022-05-18T14:00:00Z,0,355,355,1
2022-05-18T15:00:00Z,0,402,402,1
2022-05-18T16:00:00Z,278,1,279,1
2022-05-18T17:00:00Z,150,0,150,1
2022-05-18T18:00:00Z,130,0,130,1
2022-05-18T19:00:00Z,127,0,127,1
2022-05-18T20:00:00Z,729,0,729,1
2022-05-18T21:00:00Z,835,0,835,1
2022-05-18T22:00:00Z,135,0,135,0
2022-05-18T23:00:00Z,288,0,288,0
2022-05-19T00:00:00Z,1,462,463,0
2022-05-19T01:00:00Z,0,249,249,0
2022-05-19T02:00:00Z,0,133,133,0
2022-05-19T03:00:00Z,0,124,124,0
2022-05-19T04:00:00Z,0,122,122,0
2022-05-19T05:00:00Z,0,116,116,0
2022-05-19T06:00:00Z,0,122,122,1
2022-05-19T07:00:00Z,0,186,186,1
2022-05-19T08:00:00Z,0,225,225,1
2022-05-19T09:00:00Z,0,229,229,1
2022-05-19T10:00:00Z,0,378,378,1
2022-05-19T11:00:00Z,0,1067,1067,1
2022-05-19T12:00:00Z,0,367,367,1
2022-05-19T13:00:00Z,0,258,258,1
2022-05-19T14:00:00Z,0,233,233,1
2022-05-19T15:00:00Z,0,384,384,1
2022-05-19T16:00:00Z,232,10,242,1
2022-05-19T17:00:00Z,141,0,141,1
2022-05-19T18:00:00Z,127,0,127,1
2022-05-19T19:00:00Z,125,0,125,1
2022-05-19T20:00:00Z,831,0,831,1
2022-05-19T21:00:00Z,678,0,678,1
2022-05-19T22:00:00Z,128,0,128,0
2022-05-19T23:00:00Z,255,0,255,0
2022-05-20T00:00:00Z,0,317,317,0
2022-05-20T01:00:00Z,0,364,364,0
2022-05-20T02:00:00Z,0,471,471,0
2022-05-20T03:00:00Z,0,287,287,0
2022-05-20T04:00:00Z,0,206,206,0
2022-05-20T05:00:00Z,0,198,198,0
2022-05-20T06:00:00Z,0,309,309,1
2022-05-20T07:00:00Z,0,264,264,1
2022-05-20T08:00:00Z,0,315,315,1
2022-05-20T09:00:00Z,0,184,184,1
2022-05-20T10:00:00Z,0,834,834,1
2022-05-20T11:00:00Z,0,825,825,1
2022-05-20T12:00:00Z,0,344,344,1
2022-05-20T13:00:00Z,0,253,253,1
2022-05-20T14:00:00Z,0,230,230,1
2022-05-20T15:00:00Z,0,231,231,1
2022-05-20T16:00:00Z,397,1,398,1
2022-05-20T17:00:00Z,150,0,150,1
2022-05-20T18:00:00Z,135,0,135,1
2022-05-20T19:00:00Z,126,0,126,1
2022-05-20T20:00:00Z,732,0,732,1
2022-05-20T21:00:00Z,816,0,816,1
2022-05-20T22:00:00Z,131,0,131,0
2022-05-20T23:00:00Z,133,0,133,0
2022-05-21T00:00:00Z,0,384,384,0
2022-05-21T01:00:00Z,0,178,178,0
2022-05-21T02:00:00Z,0,304,304,0
2022-05-21T03:00:00Z,0,158,158,0
2022-05-21T04:00:00Z,0,151,151,0
2022-05-21T05:00:00Z,0,137,137,0
2022-05-21T06:00:00Z,0,272,272,1
2022-05-21T07:00:00Z,0,277,277,1
2022-05-21T08:00:00Z,0,306,306,1
2022-05-21T09:00:00Z,0,304,304,1
2022-05-21T10:00:00Z,0,247,247,1
2022-05-21T11:00:00Z,0,886,886,1
2022-05-21T12:00:00Z,0,418,418,1
2022-05-21T13:00:00Z,0,240,240,1
2022-05-21T14:00:00Z,0,226,226,1
2022-05-21T15:00:00Z,0,299,299,1
2022-05-21T16:00:00Z,165,0,165,1
2022-05-21T17:00:00Z,142,0,142,1
2022-05-21T18:00:00Z,129,0,129,1
2022-05-21T19:00:00Z,661,0,661,1
2022-05-21T20:00:00Z,513,0,513,1
2022-05-21T21:00:00Z,518,0,518,1
2022-05-21T22:00:00Z,116,0,116,0
2022-05-21T23:00:00Z,121,0,121,0
2022-05-22T00:00:00Z,127,0,127,0
2022-05-22T01:00:00Z,360,0,360,0
2022-05-22T02:00:00Z,668,0,668,0
2022-05-22T03:00:00Z,2004,0,2004,0
2022-05-22T04:00:00Z,1426,0,1426,0
2022-05-22T05:00:00Z,755,0,755,0
2022-05-22T06:00:00Z,410,0,410,1
2022-05-22T07:00:00Z,1021,0,1021,1
2022-05-22T08:00:00Z,1296,0,1296,1
2022-05-22T09:00:00Z,1244,0,1244,1
2022-05-22T10:00:00Z,901,0,901,1
2022-05-22T11:00:00Z,250,0,250,1
2022-05-22T12:00:00Z,417,0,417,1
2022-05-22T13:00:00Z,1277,0,1277,1
2022-05-22T14:00:00Z,227,0,227,1
2022-05-22T15:00:00Z,397,0,397,1
2022-05-22T16:00:00Z,187,0,187,1
2022-05-22T17:00:00Z,136,0,136,1
2022-05-22T18:00:00Z,128,0,128,1
2022-05-22T19:00:00Z,580,0,580,1
2022-05-22T20:00:00Z,437,0,437,1
2022-05-22T21:00:00Z,662,0,662,1
2022-05-22T22:00:00Z,124,0,124,0
2022-05-22T23:00:00Z,143,0,143,0
2022-05-23T00:00:00Z,339,0,339,0
2022-05-23T01:00:00Z,938,0,938,0
2022-05-23T02:00:00Z,2666,0,2666,0
2022-05-23T03:00:00Z,977,0,977,0
2022-05-23T04:00:00Z,227,0,227,0
2022-05-23T05:00:00Z,135,0,135,0
2022-05-23T06:00:00Z,1532,0,1532,1
2022-05-23T07:00:00Z,325,0,325,1
2022-05-23T08:00:00Z,334,0,334,1
2022-05-23T09:00:00Z,312,0,312,1
2022-05-23T10:00:00Z,259,0,259,1
2022-05-23T11:00:00Z,431,0,431,1
2022-05-23T12:00:00Z,235,0,235,1
2022-05-23T13:00:00Z,228,0,228,1
2022-05-23T14:00:00Z,227,0,227,1
2022-05-23T15:00:00Z,228,0,228,1
2022-05-23T16:00:00Z,133,0,133,1
2022-05-23T17:00:00Z,133,0,133,1
2022-05-23T18:00:00Z,124,0,124,1
2022-05-23T19:00:00Z,358,0,358,1
2022-05-23T20:00:00Z,660,0,660,1
2022-05-23T21:00:00Z,677,0,677,1
2022-05-23T22:00:00Z,132,0,132,0
2022-05-23T23:00:00Z,480,0,480,0
2022-05-24T00:00:00Z,3,245,248,0
2022-05-24T01:00:00Z,0,221,221,0
2022-05-24T02:00:00Z,0,709,709,0
2022-05-24T03:00:00Z,0,467,467,0
2022-05-24T04:00:00Z,0,342,342,0
2022-05-24T05:00:00Z,0,240,240,0
2022-05-24T06:00:00Z,0,189,189,1
2022-05-24T07:00:00Z,0,179,179,1
2022-05-24T08:00:00Z,0,193,193,1
2022-05-24T09:00:00Z,0,262,262,1
2022-05-24T10:00:00Z,0,495,495,1
2022-05-24T11:00:00Z,0,1137,1137,1
2022-05-24T12:00:00Z,0,273,273,1
2022-05-24T13:00:00Z,0,238,238,1
2022-05-24T14:00:00Z,0,218,218,1
2022-05-24T15:00:00Z,0,339,339,1
2022-05-24T16:00:00Z,150,1,151,1
2022-05-24T17:00:00Z,130,0,130,1
2022-05-24T18:00:00Z,125,0,125,1
2022-05-24T19:00:00Z,574,0,574,1
2022-05-24T20:00:00Z,454,0,454,1
2022-05-24T21:00:00Z,669,0,669,1
2022-05-24T22:00:00Z,124,0,124,0
2022-05-24T23:00:00Z,164,0,164,0
2022-05-25T00:00:00Z,0,315,315,0
2022-05-25T01:00:00Z,0,319,319,0
2022-05-25T02:00:00Z,0,188,188,0
2022-05-25T03:00:00Z,0,280,280,0
2022-05-25T04:00:00Z,0,324,324,0
2022-05-25T05:00:00Z,0,172,172,0
2022-05-25T06:00:00Z,0,123,123,1
2022-05-25T07:00:00Z,0,122,122,1
2022-05-25T08:00:00Z,0,111,111,1
2022-05-25T09:00:00Z,0,120,120,1
2022-05-25T10:00:00Z,0,289,289,1
2022-05-25T11:00:00Z,0,1457,1457,1
2022-05-25T12:00:00Z,0,264,264,1
2022-05-25T13:00:00Z,0,221,221,1
2022-05-25T14:00:00Z,0,223,223,1
2022-05-25T15:00:00Z,0,342,342,1
2022-05-25T16:00:00Z,201,0,201,1
2022-05-25T17:00:00Z,135,0,135,1
2022-05-25T18:00:00Z,121,0,121,1
2022-05-25T19:00:00Z,124,0,124,1
2022-05-25T20:00:00Z,863,0,863,1
2022-05-25T21:00:00Z,708,0,708,1
2022-05-25T22:00:00Z,122,0,122,0
2022-05-25T23:00:00Z,410,0,410,0
2022-05-26T00:00:00Z,1,410,411,0
2022-05-26T01:00:00Z,0,354,354,0
2022-05-26T02:00:00Z,0,166,166,0
2022-05-26T03:00:00Z,0,173,173,0
2022-05-26T04:00:00Z,0,184,184,0
2022-05-26T05:00:00Z,0,177,177,0
2022-05-26T06:00:00Z,0,190,190,1
2022-05-26T07:00:00Z,0,270,270,1
2022-05-26T08:00:00Z,0,292,292,1
2022-05-26T09:00:00Z,0,305,305,1
2022-05-26T10:00:00Z,0,944,944,1
2022-05-26T11:00:00Z,0,595,595,1
2022-05-26T12:00:00Z,0,253,253,1
2022-05-26T13:00:00Z,0,303,303,1
2022-05-26T14:00:00Z,0,222,222,1
2022-05-26T15:00:00Z,0,421,421,1
2022-05-26T16:00:00Z,176,0,176,1
2022-05-26T17:00:00Z,131,0,131,1
2022-05-26T18:00:00Z,126,0,126,1
2022-05-26T19:00:00Z,122,0,122,1
2022-05-26T20:00:00Z,904,0,904,1
2022-05-26T21:00:00Z,712,0,712,1
2022-05-26T22:00:00Z,120,0,120,0
2022-05-26T23:00:00Z,118,0,118,0
2022-05-27T00:00:00Z,359,0,359,0
2022-05-27T01:00:00Z,311,0,311,0
2022-05-27T02:00:00Z,416,0,416,0
2022-05-27T03:00:00Z,493,0,493,0
2022-05-27T04:00:00Z,442,0,442,0
2022-05-27T05:00:00Z,626,0,626,0
2022-05-27T06:00:00Z,386,0,386,1
2022-05-27T07:00:00Z,306,0,306,1
2022-05-27T08:00:00Z,332,0,332,1
2022-05-27T09:00:00Z,309,0,309,1
2022-05-27T10:00:00Z,686,0,686,1
2022-05-27T11:00:00Z,425,0,425,1
2022-05-27T12:00:00Z,311,0,311,1
2022-05-27T13:00:00Z,270,0,270,1
2022-05-27T14:00:00Z,232,0,232,1
2022-05-27T15:00:00Z,228,0,228,1
2022-05-27T16:00:00Z,183,0,183,1
2022-05-27T17:00:00Z,126,0,126,1
2022-05-27T18:00:00Z,120,0,120,1
2022-05-27T19:00:00Z,128,0,128,1
2022-05-27T20:00:00Z,650,0,650,1
2022-05-27T21:00:00Z,510,0,510,1
2022-05-27T22:00:00Z,505,0,505,0
2022-05-27T23:00:00Z,110,0,110,0
2022-05-28T00:00:00Z,0,232,232,0
2022-05-28T01:00:00Z,0,398,398,0
2022-05-28T02:00:00Z,0,222,222,0
2022-05-28T03:00:00Z,0,153,153,0
2022-05-28T04:00:00Z,0,163,163,0
2022-05-28T05:00:00Z,0,152,152,0
2022-05-28T06:00:00Z,0,130,130,1
2022-05-28T07:00:00Z,0,123,123,1
2022-05-28T08:00:00Z,0,119,119,1
2022-05-28T09:00:00Z,0,124,124,1
2022-05-28T10:00:00Z,0,253,253,1
2022-05-28T11:00:00Z,0,1154,1154,1
2022-05-28T12:00:00Z,0,301,301,1
2022-05-28T13:00:00Z,0,236,236,1
2022-05-28T14:00:00Z,0,223,223,1
2022-05-28T15:00:00Z,0,299,299,1
2022-05-28T16:00:00Z,157,0,157,1
2022-05-28T17:00:00Z,133,0,133,1
2022-05-28T18:00:00Z,127,0,127,1
2022-05-28T19:00:00Z,456,0,456,1
2022-05-28T20:00:00Z,546,0,546,1
2022-05-28T21:00:00Z,662,0,662,1
2022-05-28T22:00:00Z,126,0,126,0
2022-05-28T23:00:00Z,116,0,116,0
2022-05-29T00:00:00Z,488,0,488,0
2022-05-29T01:00:00Z,321,0,321,0
2022-05-29T02:00:00Z,591,0,591,0
2022-05-29T03:00:00Z,127,0,127,0
2022-05-29T04:00:00Z,454,0,454,0
2022-05-29T05:00:00Z,146,0,146,0
2022-05-29T06:00:00Z,122,0,122,1
2022-05-29T07:00:00Z,123,0,123,1
2022-05-29T08:00:00Z,2373,0,2373,1
2022-05-29T09:00:00Z,778,0,778,1
2022-05-29T10:00:00Z,694,0,694,1
2022-05-29T11:00:00Z,597,0,597,1
2022-05-29T12:00:00Z,1103,0,1103,1
2022-05-29T13:00:00Z,1066,0,1066,1
2022-05-29T14:00:00Z,225,0,225,1
2022-05-29T15:00:00Z,235,0,235,1
2022-05-29T16:00:00Z,205,0,205,1
2022-05-29T17:00:00Z,135,0,135,1
2022-05-29T18:00:00Z,127,0,127,1
2022-05-29T19:00:00Z,127,0,127,1
2022-05-29T20:00:00Z,564,0,564,1
2022-05-29T21:00:00Z,465,0,465,1
2022-05-29T22:00:00Z,655,0,655,0
2022-05-29T23:00:00Z,140,0,140,0
2022-05-30T00:00:00Z,455,0,455,0
2022-05-30T01:00:00Z,1629,0,1629,0
2022-05-30T02:00:00Z,687,0,687,0
2022-05-30T03:00:00Z,1526,0,1526,0
2022-05-30T04:00:00Z,1499,0,1499,0
2022-05-30T05:00:00Z,654,0,654,0
2022-05-30T06:00:00Z,420,0,420,1
2022-05-30T07:00:00Z,317,0,317,1
2022-05-30T08:00:00Z,323,0,323,1
2022-05-30T09:00:00Z,293,0,293,1
2022-05-30T10:00:00Z,355,0,355,1
2022-05-30T11:00:00Z,723,0,723,1
2022-05-30T12:00:00Z,1322,0,1322,1
2022-05-30T13:00:00Z,667,0,667,1
2022-05-30T14:00:00Z,228,0,228,1
2022-05-30T15:00:00Z,240,0,240,1
2022-05-30T16:00:00Z,130,0,130,1
2022-05-30T17:00:00Z,121,0,121,1
2022-05-30T18:00:00Z,112,0,112,1
2022-05-30T19:00:00Z,167,0,167,1
2022-05-30T20:00:00Z,823,0,823,1
2022-05-30T21:00:00Z,675,0,675,1
2022-05-30T22:00:00Z,125,0,125,0
2022-05-30T23:00:00Z,315,0,315,0
2022-05-31T00:00:00Z,1,446,447,0
2022-05-31T01:00:00Z,0,366,366,0
2022-05-31T02:00:00Z,0,284,284,0
2022-05-31T03:00:00Z,0,215,215,0
2022-05-31T04:00:00Z,0,194,194,0
2022-05-31T05:00:00Z,0,480,480,0
2022-05-31T06:00:00Z,0,195,195,1
2022-05-31T07:00:00Z,0,193,193,1
2022-05-31T08:00:00Z,0,225,225,1
2022-05-31T09:00:00Z,0,336,336,1
2022-05-31T10:00:00Z,0,1657,1657,1
2022-05-31T11:00:00Z,0,826,826,1
2022-05-31T12:00:00Z,0,277,277,1
2022-05-31T13:00:00Z,0,229,229,1
2022-05-31T14:00:00Z,0,222,222,1
2022-05-31T15:00:00Z,0,463,463,1
2022-05-31T16:00:00Z,252,0,252,1
2022-05-31T17:00:00Z,140,0,140,1
2022-05-31T18:00:00Z,129,0,129,1
2022-05-31T19:00:00Z,132,0,132,1
2022-05-31T20:00:00Z,873,0,873,1
2022-05-31T21:00:00Z,697,0,697,1
2022-05-31T22:00:00Z,122,0,122,0
2022-05-31T23:00:00Z,283,0,283,0
2022-06-01T00:00:00Z,0,251,251,0
2022-06-01T01:00:00Z,0,467,467,0
2022-06-01T02:00:00Z,0,331,331,0
2022-06-01T03:00:00Z,0,411,411,0
2022-06-01T04:00:00Z,0,133,133,0
2022-06-01T05:00:00Z,0,257,257,0
2022-06-01T06:00:00Z,0,136,136,1
2022-06-01T07:00:00Z,0,120,120,1
2022-06-01T08:00:00Z,0,126,126,1
2022-06-01T09:00:00Z,0,121,121,1
2022-06-01T10:00:00Z,0,1979,1979,1
2022-06-01T11:00:00Z,0,719,719,1
2022-06-01T12:00:00Z,0,244,244,1
2022-06-01T13:00:00Z,0,412,412,1
2022-06-01T14:00:00Z,0,231,231,1
2022-06-01T15:00:00Z,0,306,306,1
2022-06-01T16:00:00Z,161,0,161,1
2022-06-01T17:00:00Z,131,0,131,1
2022-06-01T18:00:00Z,128,0,128,1
2022-06-01T19:00:00Z,125,0,125,1
2022-06-01T20:00:00Z,854,0,854,1
2022-06-01T21:00:00Z,744,0,744,1
2022-06-01T22:00:00Z,114,0,114,0
2022-06-01T23:00:00Z,260,0,260,0
2022-06-02T00:00:00Z,0,423,423,0
2022-06-02T01:00:00Z,0,186,186,0
2022-06-02T02:00:00Z,0,182,182,0
2022-06-02T03:00:00Z,0,218,218,0
2022-06-02T04:00:00Z,0,222,222,0
2022-06-02T05:00:00Z,0,189,189,0
2022-06-02T06:00:00Z,0,271,271,1
2022-06-02T07:00:00Z,0,364,364,1
2022-06-02T08:00:00Z,0,176,176,1
2022-06-02T09:00:00Z,0,243,243,1
2022-06-02T10:00:00Z,0,608,608,1
2022-06-02T11:00:00Z,0,898,898,1
2022-06-02T12:00:00Z,0,277,277,1
2022-06-02T13:00:00Z,0,222,222,1
2022-06-02T14:00:00Z,0,225,225,1
2022-06-02T15:00:00Z,0,238,238,1
2022-06-02T16:00:00Z,202,0,202,1
2022-06-02T17:00:00Z,138,0,138,1
2022-06-02T18:00:00Z,127,0,127,1
2022-06-02T19:00:00Z,124,0,124,1
2022-06-02T20:00:00Z,700,0,700,1
2022-06-02T21:00:00Z,607,0,607,1
2022-06-02T22:00:00Z,438,0,438,0
2022-06-02T23:00:00Z,215,0,215,0
2022-06-03T00:00:00Z,0,675,675,0
2022-06-03T01:00:00Z,0,673,673,0
2022-06-03T02:00:00Z,0,360,360,0
2022-06-03T03:00:00Z,0,214,214,0
2022-06-03T04:00:00Z,0,211,211,0
2022-06-03T05:00:00Z,0,209,209,0
2022-06-03T06:00:00Z,0,169,169,1
2022-06-03T07:00:00Z,0,180,180,1
2022-06-03T08:00:00Z,0,221,221,1
2022-06-03T09:00:00Z,0,136,136,1
2022-06-03T10:00:00Z,0,228,228,1
2022-06-03T11:00:00Z,0,530,530,1
2022-06-03T12:00:00Z,0,254,254,1
2022-06-03T13:00:00Z,0,226,226,1
2022-06-03T14:00:00Z,0,221,221,1
2022-06-03T15:00:00Z,0,324,324,1
2022-06-03T16:00:00Z,169,1,170,1
2022-06-03T17:00:00Z,127,0,127,1
2022-06-03T18:00:00Z,121,0,121,1
2022-06-03T19:00:00Z,121,0,121,1
2022-06-03T20:00:00Z,882,0,882,1
2022-06-03T21:00:00Z,702,0,702,1
2022-06-03T22:00:00Z,129,0,129,0
2022-06-03T23:00:00Z,153,0,153,0
2022-06-04T00:00:00Z,1,588,589,0
2022-06-04T01:00:00Z,0,621,621,0
2022-06-04T02:00:00Z,0,202,202,0
2022-06-04T03:00:00Z,0,130,130,0
2022-06-04T04:00:00Z,0,137,137,0
2022-06-04T05:00:00Z,0,122,122,0
2022-06-04T06:00:00Z,0,192,192,1
2022-06-04T07:00:00Z,0,205,205,1
2022-06-04T08:00:00Z,0,128,128,1
2022-06-04T09:00:00Z,0,119,119,1
2022-06-04T10:00:00Z,0,120,120,1
2022-06-04T11:00:00Z,0,695,695,1
2022-06-04T12:00:00Z,0,228,228,1
2022-06-04T13:00:00Z,0,225,225,1
2022-06-04T14:00:00Z,0,228,228,1
2022-06-04T15:00:00Z,0,245,245,1
2022-06-04T16:00:00Z,141,0,141,1
2022-06-04T17:00:00Z,125,0,125,1
2022-06-04T18:00:00Z,126,0,126,1
2022-06-04T19:00:00Z,126,0,126,1
2022-06-04T20:00:00Z,848,0,848,1
2022-06-04T21:00:00Z,670,0,670,1
2022-06-04T22:00:00Z,116,0,116,0
2022-06-04T23:00:00Z,118,0,118,0
2022-06-05T00:00:00Z,521,0,521,0
2022-06-05T01:00:00Z,718,0,718,0
2022-06-05T02:00:00Z,254,0,254,0
2022-06-05T03:00:00Z,127,0,127,0
2022-06-05T04:00:00Z,123,0,123,0
2022-06-05T05:00:00Z,116,0,116,0
2022-06-05T06:00:00Z,123,0,123,1
2022-06-05T07:00:00Z,117,0,117,1
2022-06-05T08:00:00Z,123,0,123,1
2022-06-05T09:00:00Z,117,0,117,1
2022-06-05T10:00:00Z,121,0,121,1
2022-06-05T11:00:00Z,487,0,487,1
2022-06-05T12:00:00Z,502,0,502,1
2022-06-05T13:00:00Z,284,0,284,1
2022-06-05T14:00:00Z,236,0,236,1
2022-06-05T15:00:00Z,230,0,230,1
2022-06-05T16:00:00Z,212,0,212,1
2022-06-05T17:00:00Z,135,0,135,1
2022-06-05T18:00:00Z,127,0,127,1
2022-06-05T19:00:00Z,119,0,119,1
2022-06-05T20:00:00Z,536,0,536,1
2022-06-05T21:00:00Z,453,0,453,1
2022-06-05T22:00:00Z,642,0,642,0
2022-06-05T23:00:00Z,127,0,127,0
2022-06-06T00:00:00Z,183,0,183,0
2022-06-06T01:00:00Z,267,0,267,0
2022-06-06T02:00:00Z,771,0,771,0
2022-06-06T03:00:00Z,1549,0,1549,0
2022-06-06T04:00:00Z,660,0,660,0
2022-06-06T05:00:00Z,1225,0,1225,0
2022-06-06T06:00:00Z,1012,0,1012,1
2022-06-06T07:00:00Z,353,0,353,1
2022-06-06T08:00:00Z,662,0,662,1
2022-06-06T09:00:00Z,274,0,274,1
2022-06-06T10:00:00Z,248,0,248,1
2022-06-06T11:00:00Z,791,0,791,1
2022-06-06T12:00:00Z,328,0,328,1
2022-06-06T13:00:00Z,244,0,244,1
2022-06-06T14:00:00Z,234,0,234,1
2022-06-06T15:00:00Z,253,0,253,1
2022-06-06T16:00:00Z,170,0,170,1
2022-06-06T17:00:00Z,132,0,132,1
2022-06-06T18:00:00Z,127,0,127,1
2022-06-06T19:00:00Z,126,0,126,1
2022-06-06T20:00:00Z,858,0,858,1
2022-06-06T21:00:00Z,706,0,706,1
2022-06-06T22:00:00Z,118,0,118,0
2022-06-06T23:00:00Z,154,0,154,0
2022-06-07T00:00:00Z,337,0,337,0
2022-06-07T01:00:00Z,505,0,505,0
2022-06-07T02:00:00Z,357,0,357,0
2022-06-07T03:00:00Z,347,0,347,0
2022-06-07T04:00:00Z,350,0,350,0
2022-06-07T05:00:00Z,323,0,323,0
2022-06-07T06:00:00Z,720,0,720,1
2022-06-07T07:00:00Z,299,0,299,1
2022-06-07T08:00:00Z,249,0,249,1
2022-06-07T09:00:00Z,220,0,220,1
2022-06-07T10:00:00Z,438,0,438,1
2022-06-07T11:00:00Z,962,0,962,1
2022-06-07T12:00:00Z,244,0,244,1
2022-06-07T13:00:00Z,365,0,365,1
2022-06-07T14:00:00Z,241,0,241,1
2022-06-07T15:00:00Z,240,0,240,1
2022-06-07T16:00:00Z,127,0,127,1
2022-06-07T17:00:00Z,128,0,128,1
2022-06-07T18:00:00Z,127,0,127,1
2022-06-07T19:00:00Z,261,0,261,1
2022-06-07T20:00:00Z,749,0,749,1
2022-06-07T21:00:00Z,677,0,677,1
2022-06-07T22:00:00Z,127,0,127,0
2022-06-07T23:00:00Z,247,0,247,0
2022-06-08T00:00:00Z,0,391,391,0
2022-06-08T01:00:00Z,0,588,588,0
2022-06-08T02:00:00Z,0,159,159,0
2022-06-08T03:00:00Z,0,745,745,0
2022-06-08T04:00:00Z,0,124,124,0
2022-06-08T05:00:00Z,0,205,205,0
2022-06-08T06:00:00Z,0,133,133,1
2022-06-08T07:00:00Z,0,121,121,1
2022-06-08T08:00:00Z,0,115,115,1
2022-06-08T09:00:00Z,0,124,124,1
2022-06-08T10:00:00Z,0,116,116,1
2022-06-08T11:00:00Z,0,554,554,1
2022-06-08T12:00:00Z,0,367,367,1
2022-06-08T13:00:00Z,0,219,219,1
2022-06-08T14:00:00Z,0,282,282,1
2022-06-08T15:00:00Z,0,269,269,1
2022-06-08T16:00:00Z,162,0,162,1
2022-06-08T17:00:00Z,132,0,132,1
2022-06-08T18:00:00Z,117,0,117,1
2022-06-08T19:00:00Z,127,0,127,1
2022-06-08T20:00:00Z,777,0,777,1
2022-06-08T21:00:00Z,769,0,769,1
2022-06-08T22:00:00Z,129,0,129,0
2022-06-08T23:00:00Z,248,0,248,0
2022-06-09T00:00:00Z,0,271,271,0
2022-06-09T01:00:00Z,0,389,389,0
2022-06-09T02:00:00Z,0,662,662,0
2022-06-09T03:00:00Z,0,617,617,0
2022-06-09T04:00:00Z,0,244,244,0
2022-06-09T05:00:00Z,0,554,554,0
2022-06-09T06:00:00Z,0,281,281,1
2022-06-09T07:00:00Z,0,328,328,1
2022-06-09T08:00:00Z,0,307,307,1
2022-06-09T09:00:00Z,0,297,297,1
2022-06-09T10:00:00Z,0,706,706,1
2022-06-09T11:00:00Z,0,749,749,1
2022-06-09T12:00:00Z,0,261,261,1
2022-06-09T13:00:00Z,0,299,299,1
2022-06-09T14:00:00Z,0,249,249,1
2022-06-09T15:00:00Z,0,235,235,1
2022-06-09T16:00:00Z,183,0,183,1
2022-06-09T17:00:00Z,136,0,136,1
2022-06-09T18:00:00Z,125,0,125,1
2022-06-09T19:00:00Z,118,0,118,1
2022-06-09T20:00:00Z,677,0,677,1
2022-06-09T21:00:00Z,815,0,815,1
2022-06-09T22:00:00Z,211,0,211,0
2022-06-09T23:00:00Z,195,0,195,0
2022-06-10T00:00:00Z,0,287,287,0
2022-06-10T01:00:00Z,0,454,454,0
2022-06-10T02:00:00Z,0,231,231,0
2022-06-10T03:00:00Z,0,199,199,0
2022-06-10T04:00:00Z,0,205,205,0
2022-06-10T05:00:00Z,0,599,599,0
2022-06-10T06:00:00Z,0,280,280,1
2022-06-10T07:00:00Z,0,268,268,1
2022-06-10T08:00:00Z,0,183,183,1
2022-06-10T09:00:00Z,0,137,137,1
2022-06-10T10:00:00Z,0,557,557,1
2022-06-10T11:00:00Z,0,462,462,1
2022-06-10T12:00:00Z,0,364,364,1
2022-06-10T13:00:00Z,0,267,267,1
2022-06-10T14:00:00Z,0,224,224,1
2022-06-10T15:00:00Z,0,239,239,1
2022-06-10T16:00:00Z,169,1,170,1
2022-06-10T17:00:00Z,128,0,128,1
2022-06-10T18:00:00Z,126,0,126,1
2022-06-10T19:00:00Z,123,0,123,1
2022-06-10T20:00:00Z,676,0,676,1
2022-06-10T21:00:00Z,799,0,799,1
2022-06-10T22:00:00Z,208,0,208,0
2022-06-10T23:00:00Z,124,0,124,0
2022-06-11T00:00:00Z,0,277,277,0
2022-06-11T01:00:00Z,0,409,409,0
2022-06-11T02:00:00Z,0,323,323,0
2022-06-11T03:00:00Z,0,350,350,0
2022-06-11T04:00:00Z,0,325,325,0
2022-06-11T05:00:00Z,0,395,395,0
2022-06-11T06:00:00Z,0,329,329,1
2022-06-11T07:00:00Z,0,823,823,1
2022-06-11T08:00:00Z,0,899,899,1
2022-06-11T09:00:00Z,0,361,361,1
2022-06-11T10:00:00Z,0,373,373,1
2022-06-11T11:00:00Z,0,1209,1209,1
2022-06-11T12:00:00Z,0,345,345,1
2022-06-11T13:00:00Z,0,254,254,1
2022-06-11T14:00:00Z,0,220,220,1
2022-06-11T15:00:00Z,0,327,327,1
2022-06-11T16:00:00Z,230,0,230,1
2022-06-11T17:00:00Z,152,0,152,1
2022-06-11T18:00:00Z,128,0,128,1
2022-06-11T19:00:00Z,121,0,121,1
2022-06-11T20:00:00Z,660,0,660,1
2022-06-11T21:00:00Z,427,0,427,1
2022-06-11T22:00:00Z,606,0,606,0
2022-06-11T23:00:00Z,174,0,174,0
2022-06-12T00:00:00Z,734,0,734,0
2022-06-12T01:00:00Z,366,0,366,0
2022-06-12T02:00:00Z,2031,0,2031,0
2022-06-12T03:00:00Z,1111,0,1111,0
2022-06-12T04:00:00Z,281,0,281,0
2022-06-12T05:00:00Z,334,0,334,0
2022-06-12T06:00:00Z,378,0,378,1
2022-06-12T07:00:00Z,1123,0,1123,1
2022-06-12T08:00:00Z,424,0,424,1
2022-06-12T09:00:00Z,122,0,122,1
2022-06-12T10:00:00Z,123,0,123,1
2022-06-12T11:00:00Z,124,0,124,1
2022-06-12T12:00:00Z,115,0,115,1
2022-06-12T13:00:00Z,121,0,121,1
2022-06-12T14:00:00Z,114,0,114,1
2022-06-12T15:00:00Z,120,0,120,1
2022-06-12T16:00:00Z,154,0,154,1
2022-06-12T17:00:00Z,127,0,127,1
2022-06-12T18:00:00Z,123,0,123,1
2022-06-12T19:00:00Z,114,0,114,1
2022-06-12T20:00:00Z,777,0,777,1
2022-06-12T21:00:00Z,684,0,684,1
2022-06-12T22:00:00Z,122,0,122,0
2022-06-12T23:00:00Z,187,0,187,0
2022-06-13T00:00:00Z,1479,0,1479,0
2022-06-13T01:00:00Z,348,0,348,0
2022-06-13T02:00:00Z,642,0,642,0
2022-06-13T03:00:00Z,486,0,486,0
2022-06-13T04:00:00Z,1142,0,1142,0
2022-06-13T05:00:00Z,1712,0,1712,0
2022-06-13T06:00:00Z,373,0,373,1
2022-06-13T07:00:00Z,346,0,346,1
2022-06-13T08:00:00Z,278,0,278,1
2022-06-13T09:00:00Z,282,0,282,1
2022-06-13T10:00:00Z,734,0,734,1
2022-06-13T11:00:00Z,778,0,778,1
2022-06-13T12:00:00Z,231,0,231,1
2022-06-13T13:00:00Z,224,0,224,1
2022-06-13T14:00:00Z,312,0,312,1
2022-06-13T15:00:00Z,375,0,375,1
2022-06-13T16:00:00Z,438,0,438,1
2022-06-13T17:00:00Z,148,0,148,1
2022-06-13T18:00:00Z,123,0,123,1
2022-06-13T19:00:00Z,285,0,285,1
2022-06-13T20:00:00Z,754,0,754,1
2022-06-13T21:00:00Z,685,0,685,1
2022-06-13T22:00:00Z,124,0,124,0
2022-06-13T23:00:00Z,118,0,118,0
2022-06-14T00:00:00Z,0,251,251,0
2022-06-14T01:00:00Z,0,726,726,0
2022-06-14T02:00:00Z,0,930,930,0
2022-06-14T03:00:00Z,0,430,430,0
2022-06-14T04:00:00Z,0,462,462,0
2022-06-14T05:00:00Z,0,187,187,0
2022-06-14T06:00:00Z,0,1335,1335,1
2022-06-14T07:00:00Z,0,153,153,1
2022-06-14T08:00:00Z,0,134,134,1
2022-06-14T09:00:00Z,0,128,128,1
2022-06-14T10:00:00Z,0,210,210,1
2022-06-14T11:00:00Z,0,166,166,1
2022-06-14T12:00:00Z,0,147,147,1
2022-06-14T13:00:00Z,0,343,343,1
2022-06-14T14:00:00Z,0,731,731,1
2022-06-14T15:00:00Z,0,232,232,1
2022-06-14T16:00:00Z,201,1,202,1
2022-06-14T17:00:00Z,144,0,144,1
2022-06-14T18:00:00Z,119,0,119,1
2022-06-14T19:00:00Z,124,0,124,1
2022-06-14T20:00:00Z,643,0,643,1
2022-06-14T21:00:00Z,554,0,554,1
2022-06-14T22:00:00Z,455,0,455,0
2022-06-14T23:00:00Z,260,0,260,0
2022-06-15T00:00:00Z,0,813,813,0
2022-06-15T01:00:00Z,0,1604,1604,0
2022-06-15T02:00:00Z,0,2657,2657,0
2022-06-15T03:00:00Z,0,688,688,0
2022-06-15T04:00:00Z,0,585,585,0
2022-06-15T05:00:00Z,0,485,485,0
2022-06-15T06:00:00Z,0,331,331,1
2022-06-15T07:00:00Z,0,1224,1224,1
2022-06-15T08:00:00Z,0,802,802,1
2022-06-15T09:00:00Z,0,177,177,1
2022-06-15T10:00:00Z,0,270,270,1
2022-06-15T11:00:00Z,0,734,734,1
2022-06-15T12:00:00Z,0,972,972,1
2022-06-15T13:00:00Z,0,864,864,1
2022-06-15T14:00:00Z,0,237,237,1
2022-06-15T15:00:00Z,0,329,329,1
2022-06-15T16:00:00Z,155,0,155,1
2022-06-15T17:00:00Z,131,0,131,1
2022-06-15T18:00:00Z,192,0,192,1
2022-06-15T19:00:00Z,94,0,94,1
2022-06-15T20:00:00Z,93,0,93,1
2022-06-15T21:00:00Z,92,0,92,1
2022-06-15T22:00:00Z,92,0,92,0
2022-06-15T23:00:00Z,93,0,93,0
2022-06-16T00:00:00Z,0,91,91,0
2022-06-16T01:00:00Z,0,92,92,0
2022-06-16T02:00:00Z,0,89,89,0
2022-06-16T03:00:00Z,0,85,85,0
2022-06-16T04:00:00Z,0,87,87,0
2022-06-16T05:00:00Z,0,85,85,0
2022-06-16T06:00:00Z,0,85,85,1
2022-06-16T07:00:00Z,0,92,92,1
2022-06-16T08:00:00Z,0,92,92,1
2022-06-16T09:00:00Z,0,91,91,1
2022-06-16T10:00:00Z,0,91,91,1
2022-06-16T11:00:00Z,0,92,92,1
2022-06-16T12:00:00Z,0,92,92,1
2022-06-16T13:00:00Z,0,92,92,1
2022-06-16T14:00:00Z,0,92,92,1
2022-06-16T15:00:00Z,0,91,91,1
2022-06-16T16:00:00Z,86,1,87,1
2022-06-16T17:00:00Z,85,0,85,1
2022-06-16T18:00:00Z,84,0,84,1
2022-06-16T19:00:00Z,85,0,85,1
2022-06-16T20:00:00Z,92,0,92,1
2022-06-16T21:00:00Z,92,0,92,1
2022-06-16T22:00:00Z,92,0,92,0
2022-06-16T23:00:00Z,92,0,92,0
2022-06-17T00:00:00Z,0,92,92,0
2022-06-17T01:00:00Z,0,92,92,0
2022-06-17T02:00:00Z,0,84,84,0
2022-06-17T03:00:00Z,0,85,85,0
2022-06-17T04:00:00Z,0,86,86,0
2022-06-17T05:00:00Z,0,86,86,0
2022-06-17T06:00:00Z,0,91,91,1
2022-06-17T07:00:00Z,0,92,92,1
2022-06-17T08:00:00Z,0,92,92,1
2022-06-17T09:00:00Z,0,91,91,1
2022-06-17T10:00:00Z,0,92,92,1
2022-06-17T11:00:00Z,0,93,93,1
2022-06-17T12:00:00Z,0,92,92,1
2022-06-17T13:00:00Z,0,90,90,1
2022-06-17T14:00:00Z,0,92,92,1
2022-06-17T15:00:00Z,0,92,92,1
2022-06-17T16:00:00Z,91,0,91,1
2022-06-17T17:00:00Z,89,0,89,1
2022-06-17T18:00:00Z,88,0,88,1
2022-06-17T19:00:00Z,87,0,87,1
2022-06-17T20:00:00Z,87,0,87,1
2022-06-17T21:00:00Z,87,0,87,1
2022-06-17T22:00:00Z,86,0,86,0
2022-06-17T23:00:00Z,92,0,92,0
2022-06-18T00:00:00Z,0,90,90,0
2022-06-18T01:00:00Z,0,92,92,0
2022-06-18T02:00:00Z,0,91,91,0
2022-06-18T03:00:00Z,0,91,91,0
2022-06-18T04:00:00Z,0,91,91,0
2022-06-18T05:00:00Z,0,92,92,0
2022-06-18T06:00:00Z,0,91,91,1
2022-06-18T07:00:00Z,0,91,91,1
2022-06-18T08:00:00Z,0,92,92,1
2022-06-18T09:00:00Z,0,92,92,1
2022-06-18T10:00:00Z,0,90,90,1
2022-06-18T11:00:00Z,0,92,92,1
2022-06-18T12:00:00Z,0,92,92,1
2022-06-18T13:00:00Z,0,90,90,1
2022-06-18T14:00:00Z,0,92,92,1
2022-06-18T15:00:00Z,0,91,91,1
2022-06-18T16:00:00Z,91,0,91,1
2022-06-18T17:00:00Z,91,0,91,1
2022-06-18T18:00:00Z,91,0,91,1
2022-06-18T19:00:00Z,92,0,92,1
2022-06-18T20:00:00Z,91,0,91,1
2022-06-18T21:00:00Z,91,0,91,1
2022-06-18T22:00:00Z,92,0,92,0
2022-06-18T23:00:00Z,91,0,91,0
2022-06-19T00:00:00Z,91,0,91,0
2022-06-19T01:00:00Z,90,0,90,0
2022-06-19T02:00:00Z,90,0,90,0
2022-06-19T03:00:00Z,91,0,91,0
2022-06-19T04:00:00Z,92,0,92,0
2022-06-19T05:00:00Z,93,0,93,0
2022-06-19T06:00:00Z,93,0,93,1
2022-06-19T07:00:00Z,92,0,92,1
2022-06-19T08:00:00Z,92,0,92,1
2022-06-19T09:00:00Z,91,0,91,1
2022-06-19T10:00:00Z,92,0,92,1
2022-06-19T11:00:00Z,91,0,91,1
2022-06-19T12:00:00Z,92,0,92,1
2022-06-19T13:00:00Z,91,0,91,1
2022-06-19T14:00:00Z,92,0,92,1
2022-06-19T15:00:00Z,92,0,92,1
2022-06-19T16:00:00Z,91,0,91,1
2022-06-19T17:00:00Z,91,0,91,1
2022-06-19T18:00:00Z,92,0,92,1
2022-06-19T19:00:00Z,91,0,91,1
2022-06-19T20:00:00Z,92,0,92,1
2022-06-19T21:00:00Z,92,0,92,1
2022-06-19T22:00:00Z,92,0,92,0
2022-06-19T23:00:00Z,92,0,92,0
2022-06-20T00:00:00Z,92,0,92,0
2022-06-20T01:00:00Z,91,0,91,0
2022-06-20T02:00:00Z,92,0,92,0
2022-06-20T03:00:00Z,91,0,91,0
2022-06-20T04:00:00Z,91,0,91,0
2022-06-20T05:00:00Z,92,0,92,0
2022-06-20T06:00:00Z,92,0,92,1
2022-06-20T07:00:00Z,91,0,91,1
2022-06-20T08:00:00Z,92,0,92,1
2022-06-20T09:00:00Z,91,0,91,1
2022-06-20T10:00:00Z,92,0,92,1
2022-06-20T11:00:00Z,90,0,90,1
2022-06-20T12:00:00Z,90,0,90,1
2022-06-20T13:00:00Z,89,0,89,1
2022-06-20T14:00:00Z,91,0,91,1
2022-06-20T15:00:00Z,89,0,89,1
2022-06-20T16:00:00Z,89,0,89,1
2022-06-20T17:00:00Z,90,0,90,1
2022-06-20T18:00:00Z,88,0,88,1
2022-06-20T19:00:00Z,89,0,89,1
2022-06-20T20:00:00Z,88,0,88,1
2022-06-20T21:00:00Z,88,0,88,1
2022-06-20T22:00:00Z,87,0,87,0
2022-06-20T23:00:00Z,92,0,92,0
2022-06-21T00:00:00Z,0,91,91,0
2022-06-21T01:00:00Z,0,92,92,0
2022-06-21T02:00:00Z,0,91,91,0
2022-06-21T03:00:00Z,0,91,91,0
2022-06-21T04:00:00Z,0,91,91,0
2022-06-21T05:00:00Z,0,91,91,0
2022-06-21T06:00:00Z,0,92,92,1
2022-06-21T07:00:00Z,0,91,91,1
2022-06-21T08:00:00Z,0,91,91,1
2022-06-21T09:00:00Z,0,91,91,1
2022-06-21T10:00:00Z,0,92,92,1
2022-06-21T11:00:00Z,0,91,91,1
2022-06-21T12:00:00Z,0,91,91,1
2022-06-21T13:00:00Z,0,91,91,1
2022-06-21T14:00:00Z,0,92,92,1
2022-06-21T15:00:00Z,0,91,91,1
2022-06-21T16:00:00Z,91,0,91,1
2022-06-21T17:00:00Z,91,0,91,1
2022-06-21T18:00:00Z,91,0,91,1
2022-06-21T19:00:00Z,90,0,90,1
2022-06-21T20:00:00Z,87,0,87,1
2022-06-21T21:00:00Z,87,0,87,1
2022-06-21T22:00:00Z,86,0,86,0
2022-06-21T23:00:00Z,86,0,86,0
2022-06-22T00:00:00Z,1,85,86,0
2022-06-22T01:00:00Z,0,90,90,0
2022-06-22T02:00:00Z,0,91,91,0
2022-06-22T03:00:00Z,0,91,91,0
2022-06-22T04:00:00Z,0,91,91,0
2022-06-22T05:00:00Z,0,92,92,0
2022-06-22T06:00:00Z,0,91,91,1
2022-06-22T07:00:00Z,0,91,91,1
2022-06-22T08:00:00Z,0,91,91,1
2022-06-22T09:00:00Z,0,91,91,1
2022-06-22T10:00:00Z,0,91,91,1
2022-06-22T11:00:00Z,0,91,91,1
2022-06-22T12:00:00Z,0,90,90,1
2022-06-22T13:00:00Z,0,91,91,1
2022-06-22T14:00:00Z,0,92,92,1
2022-06-22T15:00:00Z,0,91,91,1
2022-06-22T16:00:00Z,91,0,91,1
2022-06-22T17:00:00Z,91,0,91,1
2022-06-22T18:00:00Z,88,0,88,1
2022-06-22T19:00:00Z,88,0,88,1
2022-06-22T20:00:00Z,86,0,86,1
2022-06-22T21:00:00Z,86,0,86,1
2022-06-22T22:00:00Z,86,0,86,0
2022-06-22T23:00:00Z,87,0,87,0
2022-06-23T00:00:00Z,0,91,91,0
2022-06-23T01:00:00Z,0,90,90,0
2022-06-23T02:00:00Z,0,91,91,0
2022-06-23T03:00:00Z,0,91,91,0
2022-06-23T04:00:00Z,0,91,91,0
2022-06-23T05:00:00Z,0,91,91,0
2022-06-23T06:00:00Z,0,90,90,1
2022-06-23T07:00:00Z,0,91,91,1
2022-06-23T08:00:00Z,0,92,92,1
2022-06-23T09:00:00Z,0,92,92,1
2022-06-23T10:00:00Z,0,530,530,1
2022-06-23T11:00:00Z,0,949,949,1
2022-06-23T12:00:00Z,0,818,818,1
2022-06-23T13:00:00Z,0,240,240,1
2022-06-23T14:00:00Z,0,228,228,1
2022-06-23T15:00:00Z,0,226,226,1
2022-06-23T16:00:00Z,216,0,216,1
2022-06-23T17:00:00Z,126,0,126,1
2022-06-23T18:00:00Z,116,0,116,1
2022-06-23T19:00:00Z,119,0,119,1
2022-06-23T20:00:00Z,516,0,516,1
2022-06-23T21:00:00Z,445,0,445,1
2022-06-23T22:00:00Z,636,0,636,0
2022-06-23T23:00:00Z,465,0,465,0
2022-06-24T00:00:00Z,1,547,548,0
2022-06-24T01:00:00Z,0,2235,2235,0
2022-06-24T02:00:00Z,0,1823,1823,0
2022-06-24T03:00:00Z,0,1617,1617,0
2022-06-24T04:00:00Z,0,141,141,0
2022-06-24T05:00:00Z,0,158,158,0
2022-06-24T06:00:00Z,0,209,209,1
2022-06-24T07:00:00Z,0,131,131,1
2022-06-24T08:00:00Z,0,529,529,1
2022-06-24T09:00:00Z,0,304,304,1
2022-06-24T10:00:00Z,0,270,270,1
2022-06-24T11:00:00Z,0,647,647,1
2022-06-24T12:00:00Z,0,345,345,1
2022-06-24T13:00:00Z,0,337,337,1
2022-06-24T14:00:00Z,0,242,242,1
2022-06-24T15:00:00Z,0,235,235,1
2022-06-24T16:00:00Z,166,0,166,1
2022-06-24T17:00:00Z,130,0,130,1
2022-06-24T18:00:00Z,133,0,133,1
2022-06-24T19:00:00Z,128,0,128,1
2022-06-24T20:00:00Z,800,0,800,1
2022-06-24T21:00:00Z,657,0,657,1
2022-06-24T22:00:00Z,131,0,131,0
2022-06-24T23:00:00Z,119,0,119,0
2022-06-25T00:00:00Z,0,147,147,0
2022-06-25T01:00:00Z,0,1558,1558,0
2022-06-25T02:00:00Z,0,587,587,0
2022-06-25T03:00:00Z,0,356,356,0
2022-06-25T04:00:00Z,0,300,300,0
2022-06-25T05:00:00Z,0,298,298,0
2022-06-25T06:00:00Z,0,324,324,1
2022-06-25T07:00:00Z,0,392,392,1
2022-06-25T08:00:00Z,0,359,359,1
2022-06-25T09:00:00Z,0,325,325,1
2022-06-25T10:00:00Z,0,278,278,1
2022-06-25T11:00:00Z,0,329,329,1
2022-06-25T12:00:00Z,0,290,290,1
2022-06-25T13:00:00Z,0,255,255,1
2022-06-25T14:00:00Z,0,238,238,1
2022-06-25T15:00:00Z,0,235,235,1
2022-06-25T16:00:00Z,173,1,174,1
2022-06-25T17:00:00Z,128,0,128,1
2022-06-25T18:00:00Z,120,0,120,1
2022-06-25T19:00:00Z,126,0,126,1
2022-06-25T20:00:00Z,787,0,787,1
2022-06-25T21:00:00Z,664,0,664,1
2022-06-25T22:00:00Z,125,0,125,0
2022-06-25T23:00:00Z,426,0,426,0
2022-06-26T00:00:00Z,383,0,383,0
2022-06-26T01:00:00Z,425,0,425,0
2022-06-26T02:00:00Z,336,0,336,0
2022-06-26T03:00:00Z,261,0,261,0
2022-06-26T04:00:00Z,319,0,319,0
2022-06-26T05:00:00Z,314,0,314,0
2022-06-26T06:00:00Z,308,0,308,1
2022-06-26T07:00:00Z,292,0,292,1
2022-06-26T08:00:00Z,281,0,281,1
2022-06-26T09:00:00Z,129,0,129,1
2022-06-26T10:00:00Z,116,0,116,1
2022-06-26T11:00:00Z,130,0,130,1
2022-06-26T12:00:00Z,130,0,130,1
2022-06-26T13:00:00Z,122,0,122,1
2022-06-26T14:00:00Z,128,0,128,1
2022-06-26T15:00:00Z,214,0,214,1
2022-06-26T16:00:00Z,221,0,221,1
2022-06-26T17:00:00Z,132,0,132,1
2022-06-26T18:00:00Z,126,0,126,1
2022-06-26T19:00:00Z,119,0,119,1
2022-06-26T20:00:00Z,769,0,769,1
2022-06-26T21:00:00Z,627,0,627,1
2022-06-26T22:00:00Z,126,0,126,0
2022-06-26T23:00:00Z,117,0,117,0
2022-06-27T00:00:00Z,124,0,124,0
2022-06-27T01:00:00Z,403,0,403,0
2022-06-27T02:00:00Z,208,0,208,0
2022-06-27T03:00:00Z,164,0,164,0
2022-06-27T04:00:00Z,158,0,158,0
2022-06-27T05:00:00Z,153,0,153,0
2022-06-27T06:00:00Z,156,0,156,1
2022-06-27T07:00:00Z,150,0,150,1
2022-06-27T08:00:00Z,156,0,156,1
2022-06-27T09:00:00Z,156,0,156,1
2022-06-27T10:00:00Z,278,0,278,1
2022-06-27T11:00:00Z,407,0,407,1
2022-06-27T12:00:00Z,256,0,256,1
2022-06-27T13:00:00Z,250,0,250,1
2022-06-27T14:00:00Z,271,0,271,1
2022-06-27T15:00:00Z,242,0,242,1
2022-06-27T16:00:00Z,161,0,161,1
2022-06-27T17:00:00Z,128,0,128,1
2022-06-27T18:00:00Z,121,0,121,1
2022-06-27T19:00:00Z,567,0,567,1
2022-06-27T20:00:00Z,401,0,401,1
2022-06-27T21:00:00Z,593,0,593,1
2022-06-27T22:00:00Z,124,0,124,0
2022-06-27T23:00:00Z,119,0,119,0
2022-06-28T00:00:00Z,0,123,123,0
2022-06-28T01:00:00Z,0,220,220,0
2022-06-28T02:00:00Z,0,1376,1376,0
2022-06-28T03:00:00Z,0,315,315,0
2022-06-28T04:00:00Z,0,290,290,0
2022-06-28T05:00:00Z,0,350,350,0
2022-06-28T06:00:00Z,0,1507,1507,1
2022-06-28T07:00:00Z,0,373,373,1
2022-06-28T08:00:00Z,0,268,268,1
2022-06-28T09:00:00Z,0,254,254,1
2022-06-28T10:00:00Z,0,949,949,1
2022-06-28T11:00:00Z,0,933,933,1
2022-06-28T12:00:00Z,0,254,254,1
2022-06-28T13:00:00Z,0,864,864,1
2022-06-28T14:00:00Z,0,351,351,1
2022-06-28T15:00:00Z,0,257,257,1
2022-06-28T16:00:00Z,177,1,178,1
2022-06-28T17:00:00Z,130,0,130,1
2022-06-28T18:00:00Z,126,0,126,1
2022-06-28T19:00:00Z,118,0,118,1
2022-06-28T20:00:00Z,812,0,812,1
2022-06-28T21:00:00Z,649,0,649,1
2022-06-28T22:00:00Z,130,0,130,0
2022-06-28T23:00:00Z,121,0,121,0
2022-06-29T00:00:00Z,1,167,168,0
2022-06-29T01:00:00Z,0,332,332,0
2022-06-29T02:00:00Z,0,516,516,0
2022-06-29T03:00:00Z,0,362,362,0
2022-06-29T04:00:00Z,0,229,229,0
2022-06-29T05:00:00Z,0,406,406,0
2022-06-29T06:00:00Z,0,367,367,1
2022-06-29T07:00:00Z,0,148,148,1
2022-06-29T08:00:00Z,0,154,154,1
2022-06-29T09:00:00Z,0,131,131,1
2022-06-29T10:00:00Z,0,129,129,1
2022-06-29T11:00:00Z,0,1126,1126,1
2022-06-29T12:00:00Z,0,488,488,1
2022-06-29T13:00:00Z,0,241,241,1
2022-06-29T14:00:00Z,0,224,224,1
2022-06-29T15:00:00Z,0,234,234,1
2022-06-29T16:00:00Z,182,1,183,1
2022-06-29T17:00:00Z,140,0,140,1
2022-06-29T18:00:00Z,121,0,121,1
2022-06-29T19:00:00Z,126,0,126,1
2022-06-29T20:00:00Z,854,0,854,1
2022-06-29T21:00:00Z,681,0,681,1
2022-06-29T22:00:00Z,126,0,126,0
2022-06-29T23:00:00Z,118,0,118,0
2022-06-30T00:00:00Z,0,132,132,0
2022-06-30T01:00:00Z,0,311,311,0
2022-06-30T02:00:00Z,0,303,303,0
2022-06-30T03:00:00Z,0,128,128,0
2022-06-30T04:00:00Z,0,124,124,0
2022-06-30T05:00:00Z,0,125,125,0
2022-06-30T06:00:00Z,0,118,118,1
2022-06-30T07:00:00Z,0,124,124,1
2022-06-30T08:00:00Z,0,124,124,1
2022-06-30T09:00:00Z,0,116,116,1
2022-06-30T10:00:00Z,0,401,401,1
2022-06-30T11:00:00Z,0,869,869,1
2022-06-30T12:00:00Z,0,378,378,1
2022-06-30T13:00:00Z,0,244,244,1
2022-06-30T14:00:00Z,0,220,220,1
2022-06-30T15:00:00Z,0,256,256,1
2022-06-30T16:00:00Z,239,1,240,1
2022-06-30T17:00:00Z,137,0,137,1
2022-06-30T18:00:00Z,132,0,132,1
2022-06-30T19:00:00Z,130,0,130,1
2022-06-30T20:00:00Z,741,0,741,1
2022-06-30T21:00:00Z,777,0,777,1
2022-06-30T22:00:00Z,123,0,123,0
2022-06-30T23:00:00Z,124,0,124,0
2022-07-01T00:00:00Z,0,116,116,0
2022-07-01T01:00:00Z,0,237,237,0
2022-07-01T02:00:00Z,0,446,446,0
2022-07-01T03:00:00Z,0,339,339,0
2022-07-01T04:00:00Z,0,317,317,0
2022-07-01T05:00:00Z,0,739,739,0
2022-07-01T06:00:00Z,0,327,327,1
2022-07-01T07:00:00Z,0,154,154,1
2022-07-01T08:00:00Z,0,130,130,1
2022-07-01T09:00:00Z,0,158,158,1
2022-07-01T10:00:00Z,0,1608,1608,1
2022-07-01T11:00:00Z,0,2064,2064,1
2022-07-01T12:00:00Z,0,245,245,1
2022-07-01T13:00:00Z,0,241,241,1
2022-07-01T14:00:00Z,0,240,240,1
2022-07-01T15:00:00Z,0,407,407,1
2022-07-01T16:00:00Z,154,1,155,1
2022-07-01T17:00:00Z,127,0,127,1
2022-07-01T18:00:00Z,125,0,125,1
2022-07-01T19:00:00Z,175,0,175,1
2022-07-01T20:00:00Z,806,0,806,1
2022-07-01T21:00:00Z,663,0,663,1
2022-07-01T22:00:00Z,123,0,123,0
2022-07-01T23:00:00Z,122,0,122,0
2022-07-02T00:00:00Z,0,516,516,0
2022-07-02T01:00:00Z,0,500,500,0
2022-07-02T02:00:00Z,0,374,374,0
2022-07-02T03:00:00Z,0,332,332,0
2022-07-02T04:00:00Z,0,280,280,0
2022-07-02T05:00:00Z,0,128,128,0
2022-07-02T06:00:00Z,0,190,190,1
2022-07-02T07:00:00Z,0,347,347,1
2022-07-02T08:00:00Z,0,123,123,1
2022-07-02T09:00:00Z,0,116,116,1
2022-07-02T10:00:00Z,0,284,284,1
2022-07-02T11:00:00Z,0,522,522,1
2022-07-02T12:00:00Z,0,436,436,1
2022-07-02T13:00:00Z,0,275,275,1
2022-07-02T14:00:00Z,0,221,221,1
2022-07-02T15:00:00Z,0,259,259,1
2022-07-02T16:00:00Z,210,1,211,1
2022-07-02T17:00:00Z,134,0,134,1
2022-07-02T18:00:00Z,126,0,126,1
2022-07-02T19:00:00Z,129,0,129,1
2022-07-02T20:00:00Z,785,0,785,1
2022-07-02T21:00:00Z,687,0,687,1
2022-07-02T22:00:00Z,120,0,120,0
2022-07-02T23:00:00Z,124,0,124,0
2022-07-03T00:00:00Z,118,0,118,0
2022-07-03T01:00:00Z,602,0,602,0
2022-07-03T02:00:00Z,631,0,631,0
2022-07-03T03:00:00Z,296,0,296,0
2022-07-03T04:00:00Z,238,0,238,0
2022-07-03T05:00:00Z,185,0,185,0
2022-07-03T06:00:00Z,2456,0,2456,1
2022-07-03T07:00:00Z,865,0,865,1
2022-07-03T08:00:00Z,262,0,262,1
2022-07-03T09:00:00Z,311,0,311,1
2022-07-03T10:00:00Z,174,0,174,1
2022-07-03T11:00:00Z,121,0,121,1
2022-07-03T12:00:00Z,1326,0,1326,1
2022-07-03T13:00:00Z,871,0,871,1
2022-07-03T14:00:00Z,234,0,234,1
2022-07-03T15:00:00Z,315,0,315,1
2022-07-03T16:00:00Z,147,0,147,1
2022-07-03T17:00:00Z,133,0,133,1
2022-07-03T18:00:00Z,126,0,126,1
2022-07-03T19:00:00Z,135,0,135,1
2022-07-03T20:00:00Z,826,0,826,1
2022-07-03T21:00:00Z,646,0,646,1
2022-07-03T22:00:00Z,126,0,126,0
2022-07-03T23:00:00Z,117,0,117,0
2022-07-04T00:00:00Z,172,0,172,0
2022-07-04T01:00:00Z,1444,0,1444,0
2022-07-04T02:00:00Z,2123,0,2123,0
2022-07-04T03:00:00Z,766,0,766,0
2022-07-04T04:00:00Z,357,0,357,0
2022-07-04T05:00:00Z,531,0,531,0
2022-07-04T06:00:00Z,871,0,871,1
2022-07-04T07:00:00Z,354,0,354,1
2022-07-04T08:00:00Z,362,0,362,1
2022-07-04T09:00:00Z,333,0,333,1
2022-07-04T10:00:00Z,316,0,316,1
2022-07-04T11:00:00Z,414,0,414,1
2022-07-04T12:00:00Z,437,0,437,1
2022-07-04T13:00:00Z,242,0,242,1
2022-07-04T14:00:00Z,1080,0,1080,1
2022-07-04T15:00:00Z,827,0,827,1
2022-07-04T16:00:00Z,221,0,221,1
2022-07-04T17:00:00Z,139,0,139,1
2022-07-04T18:00:00Z,126,0,126,1
2022-07-04T19:00:00Z,133,0,133,1
2022-07-04T20:00:00Z,717,0,717,1
2022-07-04T21:00:00Z,758,0,758,1
2022-07-04T22:00:00Z,130,0,130,0
2022-07-04T23:00:00Z,170,0,170,0
2022-07-05T00:00:00Z,0,351,351,0
2022-07-05T01:00:00Z,0,252,252,0
2022-07-05T02:00:00Z,0,256,256,0
2022-07-05T03:00:00Z,0,177,177,0
2022-07-05T04:00:00Z,0,177,177,0
2022-07-05T05:00:00Z,0,186,186,0
2022-07-05T06:00:00Z,0,191,191,1
2022-07-05T07:00:00Z,0,262,262,1
2022-07-05T08:00:00Z,0,184,184,1
2022-07-05T09:00:00Z,0,132,132,1
2022-07-05T10:00:00Z,0,934,934,1
2022-07-05T11:00:00Z,0,520,520,1
2022-07-05T12:00:00Z,0,237,237,1
2022-07-05T13:00:00Z,0,272,272,1
2022-07-05T14:00:00Z,0,258,258,1
2022-07-05T15:00:00Z,0,352,352,1
2022-07-05T16:00:00Z,184,1,185,1
2022-07-05T17:00:00Z,127,0,127,1
2022-07-05T18:00:00Z,127,0,127,1
2022-07-05T19:00:00Z,132,0,132,1
2022-07-05T20:00:00Z,833,0,833,1
2022-07-05T21:00:00Z,673,0,673,1
2022-07-05T22:00:00Z,120,0,120,0
2022-07-05T23:00:00Z,222,0,222,0
2022-07-06T00:00:00Z,1,363,364,0
2022-07-06T01:00:00Z,0,1204,1204,0
2022-07-06T02:00:00Z,0,657,657,0
2022-07-06T03:00:00Z,0,632,632,0
2022-07-06T04:00:00Z,0,382,382,0
2022-07-06T05:00:00Z,0,694,694,0
2022-07-06T06:00:00Z,0,180,180,1
2022-07-06T07:00:00Z,0,160,160,1
2022-07-06T08:00:00Z,0,161,161,1
2022-07-06T09:00:00Z,0,156,156,1
2022-07-06T10:00:00Z,0,534,534,1
2022-07-06T11:00:00Z,0,1106,1106,1
2022-07-06T12:00:00Z,0,237,237,1
2022-07-06T13:00:00Z,0,228,228,1
2022-07-06T14:00:00Z,0,232,232,1
2022-07-06T15:00:00Z,0,298,298,1
2022-07-06T16:00:00Z,156,0,156,1
2022-07-06T17:00:00Z,128,0,128,1
2022-07-06T18:00:00Z,127,0,127,1
2022-07-06T19:00:00Z,217,0,217,1
2022-07-06T20:00:00Z,747,0,747,1
2022-07-06T21:00:00Z,655,0,655,1
2022-07-06T22:00:00Z,129,0,129,0
2022-07-06T23:00:00Z,175,0,175,0
2022-07-07T00:00:00Z,0,529,529,0
2022-07-07T01:00:00Z,0,783,783,0
2022-07-07T02:00:00Z,0,403,403,0
2022-07-07T03:00:00Z,0,1502,1502,0
2022-07-07T04:00:00Z,0,974,974,0
2022-07-07T05:00:00Z,0,226,226,0
2022-07-07T06:00:00Z,0,204,204,1
2022-07-07T07:00:00Z,0,173,173,1
2022-07-07T08:00:00Z,0,1091,1091,1
2022-07-07T09:00:00Z,0,1139,1139,1
2022-07-07T10:00:00Z,0,1572,1572,1
2022-07-07T11:00:00Z,0,284,284,1
2022-07-07T12:00:00Z,0,233,233,1
2022-07-07T13:00:00Z,0,234,234,1
2022-07-07T14:00:00Z,0,256,256,1
2022-07-07T15:00:00Z,0,736,736,1
2022-07-07T16:00:00Z,609,0,609,1
2022-07-07T17:00:00Z,127,0,127,1
2022-07-07T18:00:00Z,119,0,119,1
2022-07-07T19:00:00Z,128,0,128,1
2022-07-07T20:00:00Z,126,0,126,1
2022-07-07T21:00:00Z,119,0,119,1
2022-07-07T22:00:00Z,123,0,123,0
2022-07-07T23:00:00Z,1618,0,1618,0
2022-07-08T00:00:00Z,3,396,399,0
2022-07-08T01:00:00Z,0,177,177,0
2022-07-08T02:00:00Z,0,187,187,0
2022-07-08T03:00:00Z,0,173,173,0
2022-07-08T04:00:00Z,0,169,169,0
2022-07-08T05:00:00Z,0,188,188,0
2022-07-08T06:00:00Z,0,193,193,1
2022-07-08T07:00:00Z,0,208,208,1
2022-07-08T08:00:00Z,0,167,167,1
2022-07-08T09:00:00Z,0,192,192,1
2022-07-08T10:00:00Z,0,265,265,1
2022-07-08T11:00:00Z,0,606,606,1
2022-07-08T12:00:00Z,0,292,292,1
2022-07-08T13:00:00Z,0,249,249,1
2022-07-08T14:00:00Z,0,224,224,1
2022-07-08T15:00:00Z,0,301,301,1
2022-07-08T16:00:00Z,168,0,168,1
2022-07-08T17:00:00Z,131,0,131,1
2022-07-08T18:00:00Z,122,0,122,1
2022-07-08T19:00:00Z,128,0,128,1
2022-07-08T20:00:00Z,119,0,119,1
2022-07-08T21:00:00Z,125,0,125,1
2022-07-08T22:00:00Z,117,0,117,0
2022-07-08T23:00:00Z,122,0,122,0
2022-07-09T00:00:00Z,1,139,140,0
2022-07-09T01:00:00Z,0,901,901,0
2022-07-09T02:00:00Z,0,149,149,0
2022-07-09T03:00:00Z,0,1568,1568,0
2022-07-09T04:00:00Z,0,474,474,0
2022-07-09T05:00:00Z,0,232,232,0
2022-07-09T06:00:00Z,0,299,299,1
2022-07-09T07:00:00Z,0,188,188,1
2022-07-09T08:00:00Z,0,309,309,1
2022-07-09T09:00:00Z,0,180,180,1
2022-07-09T10:00:00Z,0,225,225,1
2022-07-09T11:00:00Z,0,937,937,1
2022-07-09T12:00:00Z,0,235,235,1
2022-07-09T13:00:00Z,0,220,220,1
2022-07-09T14:00:00Z,0,219,219,1
2022-07-09T15:00:00Z,0,251,251,1
2022-07-09T16:00:00Z,242,1,243,1
2022-07-09T17:00:00Z,144,0,144,1
2022-07-09T18:00:00Z,124,0,124,1
2022-07-09T19:00:00Z,121,0,121,1
2022-07-09T20:00:00Z,127,0,127,1
2022-07-09T21:00:00Z,118,0,118,1
2022-07-09T22:00:00Z,125,0,125,0
2022-07-09T23:00:00Z,118,0,118,0
2022-07-10T00:00:00Z,124,0,124,0
2022-07-10T01:00:00Z,1184,0,1184,0
2022-07-10T02:00:00Z,955,0,955,0
2022-07-10T03:00:00Z,621,0,621,0
2022-07-10T04:00:00Z,128,0,128,0
2022-07-10T05:00:00Z,1239,0,1239,0
2022-07-10T06:00:00Z,769,0,769,1
2022-07-10T07:00:00Z,713,0,713,1
2022-07-10T08:00:00Z,331,0,331,1
2022-07-10T09:00:00Z,1598,0,1598,1
2022-07-10T10:00:00Z,1184,0,1184,1
2022-07-10T11:00:00Z,795,0,795,1
2022-07-10T12:00:00Z,305,0,305,1
2022-07-10T13:00:00Z,258,0,258,1
2022-07-10T14:00:00Z,219,0,219,1
2022-07-10T15:00:00Z,238,0,238,1
2022-07-10T16:00:00Z,166,0,166,1
2022-07-10T17:00:00Z,131,0,131,1
2022-07-10T18:00:00Z,118,0,118,1
2022-07-10T19:00:00Z,124,0,124,1
2022-07-10T20:00:00Z,117,0,117,1
2022-07-10T21:00:00Z,126,0,126,1
2022-07-10T22:00:00Z,121,0,121,0
2022-07-10T23:00:00Z,125,0,125,0
2022-07-11T00:00:00Z,167,0,167,0
2022-07-11T01:00:00Z,906,0,906,0
2022-07-11T02:00:00Z,414,0,414,0
2022-07-11T03:00:00Z,1574,0,1574,0
2022-07-11T04:00:00Z,1420,0,1420,0
2022-07-11T05:00:00Z,288,0,288,0
2022-07-11T06:00:00Z,2130,0,2130,1
2022-07-11T07:00:00Z,343,0,343,1
2022-07-11T08:00:00Z,367,0,367,1
2022-07-11T09:00:00Z,766,0,766,1
2022-07-11T10:00:00Z,1190,0,1190,1
2022-07-11T11:00:00Z,702,0,702,1
2022-07-11T12:00:00Z,256,0,256,1
2022-07-11T13:00:00Z,218,0,218,1
2022-07-11T14:00:00Z,226,0,226,1
2022-07-11T15:00:00Z,232,0,232,1
2022-07-11T16:00:00Z,526,0,526,1
2022-07-11T17:00:00Z,558,0,558,1
2022-07-11T18:00:00Z,126,0,126,1
2022-07-11T19:00:00Z,124,0,124,1
2022-07-11T20:00:00Z,119,0,119,1
2022-07-11T21:00:00Z,128,0,128,1
2022-07-11T22:00:00Z,119,0,119,0
2022-07-11T23:00:00Z,147,0,147,0
2022-07-12T00:00:00Z,0,298,298,0
2022-07-12T01:00:00Z,0,129,129,0
2022-07-12T02:00:00Z,0,129,129,0
2022-07-12T03:00:00Z,0,129,129,0
2022-07-12T04:00:00Z,0,121,121,0
2022-07-12T05:00:00Z,0,129,129,0
2022-07-12T06:00:00Z,0,135,135,1
2022-07-12T07:00:00Z,0,144,144,1
2022-07-12T08:00:00Z,0,118,118,1
2022-07-12T09:00:00Z,0,127,127,1
2022-07-12T10:00:00Z,0,133,133,1
2022-07-12T11:00:00Z,0,349,349,1
2022-07-12T12:00:00Z,0,255,255,1
2022-07-12T13:00:00Z,0,258,258,1
2022-07-12T14:00:00Z,0,234,234,1
2022-07-12T15:00:00Z,0,225,225,1
2022-07-12T16:00:00Z,254,1,255,1
2022-07-12T17:00:00Z,143,0,143,1
2022-07-12T18:00:00Z,133,0,133,1
2022-07-12T19:00:00Z,123,0,123,1
2022-07-12T20:00:00Z,128,0,128,1
2022-07-12T21:00:00Z,129,0,129,1
2022-07-12T22:00:00Z,121,0,121,0
2022-07-12T23:00:00Z,735,0,735,0
2022-07-13T00:00:00Z,1,510,511,0
2022-07-13T01:00:00Z,0,435,435,0
2022-07-13T02:00:00Z,0,148,148,0
2022-07-13T03:00:00Z,0,132,132,0
2022-07-13T04:00:00Z,0,149,149,0
2022-07-13T05:00:00Z,0,538,538,0
2022-07-13T06:00:00Z,0,154,154,1
2022-07-13T07:00:00Z,0,125,125,1
2022-07-13T08:00:00Z,0,124,124,1
2022-07-13T09:00:00Z,0,118,118,1
2022-07-13T10:00:00Z,0,150,150,1
2022-07-13T11:00:00Z,0,737,737,1
2022-07-13T12:00:00Z,0,320,320,1
2022-07-13T13:00:00Z,0,238,238,1
2022-07-13T14:00:00Z,0,216,216,1
2022-07-13T15:00:00Z,0,233,233,1
2022-07-13T16:00:00Z,178,0,178,1
2022-07-13T17:00:00Z,140,0,140,1
2022-07-13T18:00:00Z,127,0,127,1
2022-07-13T19:00:00Z,127,0,127,1
2022-07-13T20:00:00Z,691,0,691,1
2022-07-13T21:00:00Z,777,0,777,1
2022-07-13T22:00:00Z,132,0,132,0
2022-07-13T23:00:00Z,218,0,218,0
2022-07-14T00:00:00Z,0,732,732,0
2022-07-14T01:00:00Z,0,170,170,0
2022-07-14T02:00:00Z,0,197,197,0
2022-07-14T03:00:00Z,0,189,189,0
2022-07-14T04:00:00Z,0,194,194,0
2022-07-14T05:00:00Z,0,195,195,0
2022-07-14T06:00:00Z,0,175,175,1
2022-07-14T07:00:00Z,0,172,172,1
2022-07-14T08:00:00Z,0,172,172,1
2022-07-14T09:00:00Z,0,156,156,1
2022-07-14T10:00:00Z,0,347,347,1
2022-07-14T11:00:00Z,0,608,608,1
2022-07-14T12:00:00Z,0,276,276,1
2022-07-14T13:00:00Z,0,244,244,1
2022-07-14T14:00:00Z,0,216,216,1
2022-07-14T15:00:00Z,0,339,339,1
2022-07-14T16:00:00Z,147,0,147,1
2022-07-14T17:00:00Z,148,0,148,1
2022-07-14T18:00:00Z,146,0,146,1
2022-07-14T19:00:00Z,155,0,155,1
2022-07-14T20:00:00Z,793,0,793,1
2022-07-14T21:00:00Z,642,0,642,1
2022-07-14T22:00:00Z,127,0,127,0
2022-07-14T23:00:00Z,694,0,694,0
2022-07-15T00:00:00Z,1,273,274,0
2022-07-15T01:00:00Z,0,215,215,0
2022-07-15T02:00:00Z,0,193,193,0
2022-07-15T03:00:00Z,0,207,207,0
2022-07-15T04:00:00Z,0,187,187,0
2022-07-15T05:00:00Z,0,342,342,0
2022-07-15T06:00:00Z,0,178,178,1
2022-07-15T07:00:00Z,0,275,275,1
2022-07-15T08:00:00Z,0,187,187,1
2022-07-15T09:00:00Z,0,211,211,1
2022-07-15T10:00:00Z,0,136,136,1
2022-07-15T11:00:00Z,0,1104,1104,1
2022-07-15T12:00:00Z,0,293,293,1
2022-07-15T13:00:00Z,0,234,234,1
2022-07-15T14:00:00Z,0,352,352,1
2022-07-15T15:00:00Z,0,270,270,1
2022-07-15T16:00:00Z,163,1,164,1
2022-07-15T17:00:00Z,128,0,128,1
2022-07-15T18:00:00Z,127,0,127,1
2022-07-15T19:00:00Z,128,0,128,1
2022-07-15T20:00:00Z,846,0,846,1
2022-07-15T21:00:00Z,668,0,668,1
2022-07-15T22:00:00Z,122,0,122,0
2022-07-15T23:00:00Z,125,0,125,0
2022-07-16T00:00:00Z,1,506,507,0
2022-07-16T01:00:00Z,0,1207,1207,0
2022-07-16T02:00:00Z,0,1465,1465,0
2022-07-16T03:00:00Z,0,305,305,0
2022-07-16T04:00:00Z,0,1421,1421,0
2022-07-16T05:00:00Z,0,333,333,0
2022-07-16T06:00:00Z,0,205,205,1
2022-07-16T07:00:00Z,0,125,125,1
2022-07-16T08:00:00Z,0,126,126,1
2022-07-16T09:00:00Z,0,118,118,1
2022-07-16T10:00:00Z,0,126,126,1
2022-07-16T11:00:00Z,0,228,228,1
2022-07-16T12:00:00Z,0,886,886,1
2022-07-16T13:00:00Z,0,241,241,1
2022-07-16T14:00:00Z,0,251,251,1
2022-07-16T15:00:00Z,0,280,280,1
2022-07-16T16:00:00Z,167,0,167,1
2022-07-16T17:00:00Z,136,0,136,1
2022-07-16T18:00:00Z,126,0,126,1
2022-07-16T19:00:00Z,132,0,132,1
2022-07-16T20:00:00Z,799,0,799,1
2022-07-16T21:00:00Z,621,0,621,1
2022-07-16T22:00:00Z,118,0,118,0
2022-07-16T23:00:00Z,126,0,126,0
2022-07-17T00:00:00Z,119,0,119,0
2022-07-17T01:00:00Z,151,0,151,0
2022-07-17T02:00:00Z,215,0,215,0
2022-07-17T03:00:00Z,1235,0,1235,0
2022-07-17T04:00:00Z,712,0,712,0
2022-07-17T05:00:00Z,450,0,450,0
2022-07-17T06:00:00Z,134,0,134,1
2022-07-17T07:00:00Z,128,0,128,1
2022-07-17T08:00:00Z,121,0,121,1
2022-07-17T09:00:00Z,127,0,127,1
2022-07-17T10:00:00Z,119,0,119,1
2022-07-17T11:00:00Z,2120,0,2120,1
2022-07-17T12:00:00Z,1535,0,1535,1
2022-07-17T13:00:00Z,240,0,240,1
2022-07-17T14:00:00Z,203,0,203,1
2022-07-17T15:00:00Z,744,0,744,1
2022-07-17T16:00:00Z,447,0,447,1
2022-07-17T17:00:00Z,224,0,224,1
2022-07-17T18:00:00Z,168,0,168,1
2022-07-17T19:00:00Z,237,0,237,1
2022-07-17T20:00:00Z,787,0,787,1
2022-07-17T21:00:00Z,379,0,379,1
2022-07-17T22:00:00Z,281,0,281,0
2022-07-17T23:00:00Z,174,0,174,0
2022-07-18T00:00:00Z,280,0,280,0
2022-07-18T01:00:00Z,816,0,816,0
2022-07-18T02:00:00Z,499,0,499,0
2022-07-18T03:00:00Z,132,0,132,0
2022-07-18T04:00:00Z,125,0,125,0
2022-07-18T05:00:00Z,125,0,125,0
2022-07-18T06:00:00Z,118,0,118,1
2022-07-18T07:00:00Z,124,0,124,1
2022-07-18T08:00:00Z,119,0,119,1
2022-07-18T09:00:00Z,495,0,495,1
2022-07-18T10:00:00Z,140,0,140,1
2022-07-18T11:00:00Z,972,0,972,1
2022-07-18T12:00:00Z,245,0,245,1
2022-07-18T13:00:00Z,230,0,230,1
2022-07-18T14:00:00Z,348,0,348,1
2022-07-18T15:00:00Z,1104,0,1104,1
2022-07-18T16:00:00Z,912,0,912,1
2022-07-18T17:00:00Z,797,0,797,1
2022-07-18T18:00:00Z,541,0,541,1
2022-07-18T19:00:00Z,566,0,566,1
2022-07-18T20:00:00Z,1025,0,1025,1
2022-07-18T21:00:00Z,542,0,542,1
2022-07-18T22:00:00Z,453,0,453,0
2022-07-18T23:00:00Z,484,0,484,0
2022-07-19T00:00:00Z,1,579,580,0
2022-07-19T01:00:00Z,0,338,338,0
2022-07-19T02:00:00Z,0,195,195,0
2022-07-19T03:00:00Z,0,308,308,0
2022-07-19T04:00:00Z,0,334,334,0
2022-07-19T05:00:00Z,0,605,605,0
2022-07-19T06:00:00Z,0,287,287,1
2022-07-19T07:00:00Z,0,292,292,1
2022-07-19T08:00:00Z,0,204,204,1
2022-07-19T09:00:00Z,0,203,203,1
2022-07-19T10:00:00Z,0,398,398,1
2022-07-19T11:00:00Z,0,244,244,1
2022-07-19T12:00:00Z,0,229,229,1
2022-07-19T13:00:00Z,0,344,344,1
2022-07-19T14:00:00Z,0,222,222,1
2022-07-19T15:00:00Z,0,903,903,1
2022-07-19T16:00:00Z,1063,1,1064,1
2022-07-19T17:00:00Z,920,0,920,1
2022-07-19T18:00:00Z,894,0,894,1
2022-07-19T19:00:00Z,870,0,870,1
2022-07-19T20:00:00Z,1032,0,1032,1
2022-07-19T21:00:00Z,1038,0,1038,1
2022-07-19T22:00:00Z,983,0,983,0
2022-07-19T23:00:00Z,1077,0,1077,0
2022-07-20T00:00:00Z,2,490,492,0
2022-07-20T01:00:00Z,0,180,180,0
2022-07-20T02:00:00Z,0,130,130,0
2022-07-20T03:00:00Z,0,131,131,0
2022-07-20T04:00:00Z,0,545,545,0
2022-07-20T05:00:00Z,0,583,583,0
2022-07-20T06:00:00Z,0,363,363,1
2022-07-20T07:00:00Z,0,316,316,1
2022-07-20T08:00:00Z,0,338,338,1
2022-07-20T09:00:00Z,0,188,188,1
2022-07-20T10:00:00Z,0,985,985,1
2022-07-20T11:00:00Z,0,1802,1802,1
2022-07-20T12:00:00Z,0,562,562,1
2022-07-20T13:00:00Z,0,361,361,1
2022-07-20T14:00:00Z,0,779,779,1
2022-07-20T15:00:00Z,0,1105,1105,1
2022-07-20T16:00:00Z,978,2,980,1
2022-07-20T17:00:00Z,936,0,936,1
2022-07-20T18:00:00Z,937,0,937,1
2022-07-20T19:00:00Z,912,0,912,1
2022-07-20T20:00:00Z,898,0,898,1
2022-07-20T21:00:00Z,869,0,869,1
2022-07-20T22:00:00Z,862,0,862,0
2022-07-20T23:00:00Z,776,0,776,0
2022-07-21T00:00:00Z,0,564,564,0
2022-07-21T01:00:00Z,0,250,250,0
2022-07-21T02:00:00Z,0,227,227,0
2022-07-21T03:00:00Z,0,203,203,0
2022-07-21T04:00:00Z,0,242,242,0
2022-07-21T05:00:00Z,0,223,223,0
2022-07-21T06:00:00Z,0,209,209,1
2022-07-21T07:00:00Z,0,197,197,1
2022-07-21T08:00:00Z,0,329,329,1
2022-07-21T09:00:00Z,0,329,329,1
2022-07-21T10:00:00Z,0,334,334,1
2022-07-21T11:00:00Z,0,1058,1058,1
2022-07-21T12:00:00Z,0,285,285,1
2022-07-21T13:00:00Z,0,243,243,1
2022-07-21T14:00:00Z,0,237,237,1
2022-07-21T15:00:00Z,1,975,976,1
2022-07-21T16:00:00Z,981,0,981,1
2022-07-21T17:00:00Z,888,0,888,1
2022-07-21T18:00:00Z,881,0,881,1
2022-07-21T19:00:00Z,868,0,868,1
2022-07-21T20:00:00Z,845,0,845,1
2022-07-21T21:00:00Z,841,0,841,1
2022-07-21T22:00:00Z,831,0,831,0
2022-07-21T23:00:00Z,904,0,904,0
2022-07-22T00:00:00Z,0,476,476,0
2022-07-22T01:00:00Z,0,246,246,0
2022-07-22T02:00:00Z,0,201,201,0
2022-07-22T03:00:00Z,0,1039,1039,0
2022-07-22T04:00:00Z,0,568,568,0
2022-07-22T05:00:00Z,0,757,757,0
2022-07-22T06:00:00Z,0,861,861,1
2022-07-22T07:00:00Z,0,176,176,1
2022-07-22T08:00:00Z,0,192,192,1
2022-07-22T09:00:00Z,0,409,409,1
2022-07-22T10:00:00Z,0,254,254,1
2022-07-22T11:00:00Z,0,1157,1157,1
2022-07-22T12:00:00Z,0,497,497,1
2022-07-22T13:00:00Z,0,253,253,1
2022-07-22T14:00:00Z,0,227,227,1
2022-07-22T15:00:00Z,0,328,328,1
2022-07-22T16:00:00Z,223,1,224,1
2022-07-22T17:00:00Z,135,0,135,1
2022-07-22T18:00:00Z,119,0,119,1
2022-07-22T19:00:00Z,125,0,125,1
2022-07-22T20:00:00Z,130,0,130,1
2022-07-22T21:00:00Z,122,0,122,1
2022-07-22T22:00:00Z,127,0,127,0
2022-07-22T23:00:00Z,120,0,120,0
2022-07-23T00:00:00Z,0,251,251,0
2022-07-23T01:00:00Z,0,830,830,0
2022-07-23T02:00:00Z,0,451,451,0
2022-07-23T03:00:00Z,0,412,412,0
2022-07-23T04:00:00Z,0,896,896,0
2022-07-23T05:00:00Z,0,194,194,0
2022-07-23T06:00:00Z,0,152,152,1
2022-07-23T07:00:00Z,0,160,160,1
2022-07-23T08:00:00Z,0,316,316,1
2022-07-23T09:00:00Z,0,340,340,1
2022-07-23T10:00:00Z,0,331,331,1
2022-07-23T11:00:00Z,0,523,523,1
2022-07-23T12:00:00Z,0,274,274,1
2022-07-23T13:00:00Z,0,231,231,1
2022-07-23T14:00:00Z,0,221,221,1
2022-07-23T15:00:00Z,0,466,466,1
2022-07-23T16:00:00Z,171,0,171,1
2022-07-23T17:00:00Z,131,0,131,1
2022-07-23T18:00:00Z,130,0,130,1
2022-07-23T19:00:00Z,130,0,130,1
2022-07-23T20:00:00Z,128,0,128,1
2022-07-23T21:00:00Z,132,0,132,1
2022-07-23T22:00:00Z,119,0,119,0
2022-07-23T23:00:00Z,133,0,133,0
2022-07-24T00:00:00Z,495,0,495,0
2022-07-24T01:00:00Z,389,0,389,0
2022-07-24T02:00:00Z,2847,0,2847,0
2022-07-24T03:00:00Z,739,0,739,0
2022-07-24T04:00:00Z,963,0,963,0
2022-07-24T05:00:00Z,1167,0,1167,0
2022-07-24T06:00:00Z,434,0,434,1
2022-07-24T07:00:00Z,461,0,461,1
2022-07-24T08:00:00Z,282,0,282,1
2022-07-24T09:00:00Z,310,0,310,1
2022-07-24T10:00:00Z,379,0,379,1
2022-07-24T11:00:00Z,168,0,168,1
2022-07-24T12:00:00Z,441,0,441,1
2022-07-24T13:00:00Z,401,0,401,1
2022-07-24T14:00:00Z,233,0,233,1
2022-07-24T15:00:00Z,229,0,229,1
2022-07-24T16:00:00Z,1055,0,1055,1
2022-07-24T17:00:00Z,879,0,879,1
2022-07-24T18:00:00Z,841,0,841,1
2022-07-24T19:00:00Z,823,0,823,1
2022-07-24T20:00:00Z,663,0,663,1
2022-07-24T21:00:00Z,521,0,521,1
2022-07-24T22:00:00Z,524,0,524,0
2022-07-24T23:00:00Z,581,0,581,0
2022-07-25T00:00:00Z,806,0,806,0
2022-07-25T01:00:00Z,956,0,956,0
2022-07-25T02:00:00Z,150,0,150,0
2022-07-25T03:00:00Z,131,0,131,0
2022-07-25T04:00:00Z,123,0,123,0
2022-07-25T05:00:00Z,130,0,130,0
2022-07-25T06:00:00Z,123,0,123,1
2022-07-25T07:00:00Z,193,0,193,1
2022-07-25T08:00:00Z,340,0,340,1
2022-07-25T09:00:00Z,275,0,275,1
2022-07-25T10:00:00Z,903,0,903,1
2022-07-25T11:00:00Z,744,0,744,1
2022-07-25T12:00:00Z,384,0,384,1
2022-07-25T13:00:00Z,233,0,233,1
2022-07-25T14:00:00Z,215,0,215,1
2022-07-25T15:00:00Z,693,0,693,1
2022-07-25T16:00:00Z,1011,0,1011,1
2022-07-25T17:00:00Z,907,0,907,1
2022-07-25T18:00:00Z,875,0,875,1
2022-07-25T19:00:00Z,863,0,863,1
2022-07-25T20:00:00Z,860,0,860,1
2022-07-25T21:00:00Z,843,0,843,1
2022-07-25T22:00:00Z,842,0,842,0
2022-07-25T23:00:00Z,981,0,981,0
2022-07-26T00:00:00Z,0,726,726,0
2022-07-26T01:00:00Z,0,534,534,0
2022-07-26T02:00:00Z,0,399,399,0
2022-07-26T03:00:00Z,0,363,363,0
2022-07-26T04:00:00Z,0,548,548,0
2022-07-26T05:00:00Z,0,196,196,0
2022-07-26T06:00:00Z,0,148,148,1
2022-07-26T07:00:00Z,0,174,174,1
2022-07-26T08:00:00Z,0,287,287,1
2022-07-26T09:00:00Z,0,127,127,1
2022-07-26T10:00:00Z,0,846,846,1
2022-07-26T11:00:00Z,0,802,802,1
2022-07-26T12:00:00Z,0,646,646,1
2022-07-26T13:00:00Z,0,225,225,1
2022-07-26T14:00:00Z,0,265,265,1
2022-07-26T15:00:00Z,0,704,704,1
2022-07-26T16:00:00Z,827,1,828,1
2022-07-26T17:00:00Z,576,0,576,1
2022-07-26T18:00:00Z,533,0,533,1
2022-07-26T19:00:00Z,461,0,461,1
2022-07-26T20:00:00Z,517,0,517,1
2022-07-26T21:00:00Z,407,0,407,1
2022-07-26T22:00:00Z,388,0,388,0
2022-07-26T23:00:00Z,746,0,746,0
2022-07-27T00:00:00Z,0,236,236,0
2022-07-27T01:00:00Z,0,463,463,0
2022-07-27T02:00:00Z,0,590,590,0
2022-07-27T03:00:00Z,0,133,133,0
2022-07-27T04:00:00Z,0,123,123,0
2022-07-27T05:00:00Z,0,202,202,0
2022-07-27T06:00:00Z,0,407,407,1
2022-07-27T07:00:00Z,0,161,161,1
2022-07-27T08:00:00Z,0,189,189,1
2022-07-27T09:00:00Z,0,277,277,1
2022-07-27T10:00:00Z,0,274,274,1
2022-07-27T11:00:00Z,0,1274,1274,1
2022-07-27T12:00:00Z,0,576,576,1
2022-07-27T13:00:00Z,0,244,244,1
2022-07-27T14:00:00Z,0,235,235,1
2022-07-27T15:00:00Z,0,225,225,1
2022-07-27T16:00:00Z,249,0,249,1
2022-07-27T17:00:00Z,146,0,146,1
2022-07-27T18:00:00Z,125,0,125,1
2022-07-27T19:00:00Z,119,0,119,1
2022-07-27T20:00:00Z,127,0,127,1
2022-07-27T21:00:00Z,121,0,121,1
2022-07-27T22:00:00Z,126,0,126,0
2022-07-27T23:00:00Z,292,1,293,0
2022-07-28T00:00:00Z,0,406,406,0
2022-07-28T01:00:00Z,0,530,530,0
2022-07-28T02:00:00Z,0,781,781,0
2022-07-28T03:00:00Z,0,590,590,0
2022-07-28T04:00:00Z,0,213,213,0
2022-07-28T05:00:00Z,0,198,198,0
2022-07-28T06:00:00Z,0,183,183,1
2022-07-28T07:00:00Z,0,181,181,1
2022-07-28T08:00:00Z,0,160,160,1
2022-07-28T09:00:00Z,0,146,146,1
2022-07-28T10:00:00Z,0,1112,1112,1
2022-07-28T11:00:00Z,0,522,522,1
2022-07-28T12:00:00Z,0,658,658,1
2022-07-28T13:00:00Z,0,238,238,1
2022-07-28T14:00:00Z,0,231,231,1
2022-07-28T15:00:00Z,0,321,321,1
2022-07-28T16:00:00Z,162,0,162,1
2022-07-28T17:00:00Z,128,0,128,1
2022-07-28T18:00:00Z,124,0,124,1
2022-07-28T19:00:00Z,129,0,129,1
2022-07-28T20:00:00Z,119,0,119,1
2022-07-28T21:00:00Z,127,0,127,1
2022-07-28T22:00:00Z,127,0,127,0
2022-07-28T23:00:00Z,261,0,261,0
2022-07-29T00:00:00Z,0,607,607,0
2022-07-29T01:00:00Z,0,476,476,0
2022-07-29T02:00:00Z,0,410,410,0
2022-07-29T03:00:00Z,0,273,273,0
2022-07-29T04:00:00Z,0,196,196,0
2022-07-29T05:00:00Z,0,189,189,0
2022-07-29T06:00:00Z,0,192,192,1
2022-07-29T07:00:00Z,0,223,223,1
2022-07-29T08:00:00Z,0,167,167,1
2022-07-29T09:00:00Z,0,153,153,1
2022-07-29T10:00:00Z,0,816,816,1
2022-07-29T11:00:00Z,0,333,333,1
2022-07-29T12:00:00Z,0,672,672,1
2022-07-29T13:00:00Z,0,288,288,1
2022-07-29T14:00:00Z,0,212,212,1
2022-07-29T15:00:00Z,0,244,244,1
2022-07-29T16:00:00Z,173,0,173,1
2022-07-29T17:00:00Z,132,0,132,1
2022-07-29T18:00:00Z,127,0,127,1
2022-07-29T19:00:00Z,127,0,127,1
2022-07-29T20:00:00Z,123,0,123,1
2022-07-29T21:00:00Z,128,0,128,1
2022-07-29T22:00:00Z,119,0,119,0
2022-07-29T23:00:00Z,125,1,126,0
2022-07-30T00:00:00Z,0,382,382,0
2022-07-30T01:00:00Z,0,895,895,0
2022-07-30T02:00:00Z,0,300,300,0
2022-07-30T03:00:00Z,0,305,305,0
2022-07-30T04:00:00Z,0,339,339,0
2022-07-30T05:00:00Z,0,415,415,0
2022-07-30T06:00:00Z,0,393,393,1
2022-07-30T07:00:00Z,0,245,245,1
2022-07-30T08:00:00Z,0,132,132,1
2022-07-30T09:00:00Z,0,353,353,1
2022-07-30T10:00:00Z,0,254,254,1
2022-07-30T11:00:00Z,0,1062,1062,1
2022-07-30T12:00:00Z,0,652,652,1
2022-07-30T13:00:00Z,0,236,236,1
2022-07-30T14:00:00Z,0,218,218,1
2022-07-30T15:00:00Z,0,720,720,1
2022-07-30T16:00:00Z,904,0,904,1
2022-07-30T17:00:00Z,849,0,849,1
2022-07-30T18:00:00Z,822,0,822,1
2022-07-30T19:00:00Z,724,0,724,1
2022-07-30T20:00:00Z,537,0,537,1
2022-07-30T21:00:00Z,441,0,441,1
2022-07-30T22:00:00Z,399,0,399,0
2022-07-30T23:00:00Z,424,0,424,0
2022-07-31T00:00:00Z,1094,0,1094,0
2022-07-31T01:00:00Z,613,0,613,0
2022-07-31T02:00:00Z,746,0,746,0
2022-07-31T03:00:00Z,314,0,314,0
2022-07-31T04:00:00Z,314,0,314,0
2022-07-31T05:00:00Z,879,0,879,0
2022-07-31T06:00:00Z,900,0,900,1
2022-07-31T07:00:00Z,195,0,195,1
2022-07-31T08:00:00Z,196,0,196,1
2022-07-31T09:00:00Z,298,0,298,1
2022-07-31T10:00:00Z,265,0,265,1
2022-07-31T11:00:00Z,279,0,279,1
2022-07-31T12:00:00Z,236,0,236,1
2022-07-31T13:00:00Z,242,0,242,1
2022-07-31T14:00:00Z,235,0,235,1
2022-07-31T15:00:00Z,922,0,922,1
2022-07-31T16:00:00Z,903,0,903,1
2022-07-31T17:00:00Z,843,0,843,1
2022-07-31T18:00:00Z,828,0,828,1
2022-07-31T19:00:00Z,820,0,820,1
2022-07-31T20:00:00Z,816,0,816,1
2022-07-31T21:00:00Z,734,0,734,1
2022-07-31T22:00:00Z,793,0,793,0
2022-07-31T23:00:00Z,724,0,724,0
2022-08-01T00:00:00Z,273,0,273,0
2022-08-01T01:00:00Z,258,0,258,0
2022-08-01T02:00:00Z,1546,0,1546,0
2022-08-01T03:00:00Z,792,0,792,0
2022-08-01T04:00:00Z,501,0,501,0
2022-08-01T05:00:00Z,253,0,253,0
2022-08-01T06:00:00Z,2182,0,2182,1
2022-08-01T07:00:00Z,1096,0,1096,1
2022-08-01T08:00:00Z,382,0,382,1
2022-08-01T09:00:00Z,517,0,517,1
2022-08-01T10:00:00Z,832,0,832,1
2022-08-01T11:00:00Z,751,0,751,1
2022-08-01T12:00:00Z,243,0,243,1
2022-08-01T13:00:00Z,239,0,239,1
2022-08-01T14:00:00Z,607,0,607,1
2022-08-01T15:00:00Z,366,0,366,1
2022-08-01T16:00:00Z,140,0,140,1
2022-08-01T17:00:00Z,136,0,136,1
2022-08-01T18:00:00Z,136,0,136,1
2022-08-01T19:00:00Z,122,0,122,1
2022-08-01T20:00:00Z,127,0,127,1
2022-08-01T21:00:00Z,120,0,120,1
2022-08-01T22:00:00Z,124,0,124,0
2022-08-01T23:00:00Z,413,0,413,0
2022-08-02T00:00:00Z,0,413,413,0
2022-08-02T01:00:00Z,0,276,276,0
2022-08-02T02:00:00Z,0,264,264,0
2022-08-02T03:00:00Z,0,217,217,0
2022-08-02T04:00:00Z,0,194,194,0
2022-08-02T05:00:00Z,0,178,178,0
2022-08-02T06:00:00Z,0,203,203,1
2022-08-02T07:00:00Z,0,204,204,1
2022-08-02T08:00:00Z,0,181,181,1
2022-08-02T09:00:00Z,0,150,150,1
2022-08-02T10:00:00Z,0,1244,1244,1
2022-08-02T11:00:00Z,0,1160,1160,1
2022-08-02T12:00:00Z,0,479,479,1
2022-08-02T13:00:00Z,0,424,424,1
2022-08-02T14:00:00Z,0,942,942,1
2022-08-02T15:00:00Z,0,970,970,1
2022-08-02T16:00:00Z,448,0,448,1
2022-08-02T17:00:00Z,350,0,350,1
2022-08-02T18:00:00Z,239,0,239,1
2022-08-02T19:00:00Z,173,0,173,1
2022-08-02T20:00:00Z,177,0,177,1
2022-08-02T21:00:00Z,170,0,170,1
2022-08-02T22:00:00Z,175,0,175,0
2022-08-02T23:00:00Z,632,0,632,0
2022-08-03T00:00:00Z,0,658,658,0
2022-08-03T01:00:00Z,0,440,440,0
2022-08-03T02:00:00Z,0,127,127,0
2022-08-03T03:00:00Z,0,125,125,0
2022-08-03T04:00:00Z,0,142,142,0
2022-08-03T05:00:00Z,0,311,311,0
2022-08-03T06:00:00Z,0,143,143,1
2022-08-03T07:00:00Z,0,138,138,1
2022-08-03T08:00:00Z,0,129,129,1
2022-08-03T09:00:00Z,0,125,125,1
2022-08-03T10:00:00Z,0,131,131,1
2022-08-03T11:00:00Z,0,757,757,1
2022-08-03T12:00:00Z,0,719,719,1
2022-08-03T13:00:00Z,0,241,241,1
2022-08-03T14:00:00Z,0,226,226,1
2022-08-03T15:00:00Z,1,650,651,1
2022-08-03T16:00:00Z,970,0,970,1
2022-08-03T17:00:00Z,871,0,871,1
2022-08-03T18:00:00Z,845,0,845,1
2022-08-03T19:00:00Z,838,0,838,1
2022-08-03T20:00:00Z,826,0,826,1
2022-08-03T21:00:00Z,820,0,820,1
2022-08-03T22:00:00Z,814,0,814,0
2022-08-03T23:00:00Z,1036,2,1038,0
2022-08-04T00:00:00Z,0,637,637,0
2022-08-04T01:00:00Z,0,569,569,0
2022-08-04T02:00:00Z,0,396,396,0
2022-08-04T03:00:00Z,0,219,219,0
2022-08-04T04:00:00Z,0,209,209,0
2022-08-04T05:00:00Z,0,408,408,0
2022-08-04T06:00:00Z,0,207,207,1
2022-08-04T07:00:00Z,0,289,289,1
2022-08-04T08:00:00Z,0,273,273,1
2022-08-04T09:00:00Z,0,181,181,1
2022-08-04T10:00:00Z,0,161,161,1
2022-08-04T11:00:00Z,0,125,125,1
2022-08-04T12:00:00Z,0,200,200,1
2022-08-04T13:00:00Z,0,238,238,1
2022-08-04T14:00:00Z,0,594,594,1
2022-08-04T15:00:00Z,0,1040,1040,1
2022-08-04T16:00:00Z,952,0,952,1
2022-08-04T17:00:00Z,888,0,888,1
2022-08-04T18:00:00Z,869,0,869,1
2022-08-04T19:00:00Z,858,0,858,1
2022-08-04T20:00:00Z,840,0,840,1
2022-08-04T21:00:00Z,842,0,842,1
2022-08-04T22:00:00Z,823,0,823,0
2022-08-04T23:00:00Z,697,1,698,0
2022-08-05T00:00:00Z,0,670,670,0
2022-08-05T01:00:00Z,0,266,266,0
2022-08-05T02:00:00Z,0,271,271,0
2022-08-05T03:00:00Z,0,294,294,0
2022-08-05T04:00:00Z,0,438,438,0
2022-08-05T05:00:00Z,0,220,220,0
2022-08-05T06:00:00Z,0,211,211,1
2022-08-05T07:00:00Z,0,199,199,1
2022-08-05T08:00:00Z,0,266,266,1
2022-08-05T09:00:00Z,0,303,303,1
2022-08-05T10:00:00Z,0,350,350,1
2022-08-05T11:00:00Z,0,1495,1495,1
2022-08-05T12:00:00Z,0,792,792,1
2022-08-05T13:00:00Z,0,272,272,1
2022-08-05T14:00:00Z,0,791,791,1
2022-08-05T15:00:00Z,1,1057,1058,1
2022-08-05T16:00:00Z,902,0,902,1
2022-08-05T17:00:00Z,858,0,858,1
2022-08-05T18:00:00Z,857,0,857,1
2022-08-05T19:00:00Z,852,0,852,1
2022-08-05T20:00:00Z,848,0,848,1
2022-08-05T21:00:00Z,823,0,823,1
2022-08-05T22:00:00Z,816,0,816,0
2022-08-05T23:00:00Z,808,2,810,0
2022-08-06T00:00:00Z,0,810,810,0
2022-08-06T01:00:00Z,0,649,649,0
2022-08-06T02:00:00Z,0,419,419,0
2022-08-06T03:00:00Z,0,564,564,0
2022-08-06T04:00:00Z,0,1118,1118,0
2022-08-06T05:00:00Z,0,1147,1147,0
2022-08-06T06:00:00Z,0,1110,1110,1
2022-08-06T07:00:00Z,0,1169,1169,1
2022-08-06T08:00:00Z,0,1060,1060,1
2022-08-06T09:00:00Z,0,196,196,1
2022-08-06T10:00:00Z,0,959,959,1
2022-08-06T11:00:00Z,0,842,842,1
2022-08-06T12:00:00Z,0,649,649,1
2022-08-06T13:00:00Z,0,249,249,1
2022-08-06T14:00:00Z,0,257,257,1
2022-08-06T15:00:00Z,0,245,245,1
2022-08-06T16:00:00Z,149,0,149,1
2022-08-06T17:00:00Z,130,0,130,1
2022-08-06T18:00:00Z,127,0,127,1
2022-08-06T19:00:00Z,657,0,657,1
2022-08-06T20:00:00Z,549,0,549,1
2022-08-06T21:00:00Z,480,0,480,1
2022-08-06T22:00:00Z,133,0,133,0
2022-08-06T23:00:00Z,172,0,172,0
2022-08-07T00:00:00Z,191,0,191,0
2022-08-07T01:00:00Z,532,0,532,0
2022-08-07T02:00:00Z,348,0,348,0
2022-08-07T03:00:00Z,213,0,213,0
2022-08-07T04:00:00Z,129,0,129,0
2022-08-07T05:00:00Z,142,0,142,0
2022-08-07T06:00:00Z,176,0,176,1
2022-08-07T07:00:00Z,181,0,181,1
2022-08-07T08:00:00Z,179,0,179,1
2022-08-07T09:00:00Z,1037,0,1037,1
2022-08-07T10:00:00Z,1147,0,1147,1
2022-08-07T11:00:00Z,383,0,383,1
2022-08-07T12:00:00Z,264,0,264,1
2022-08-07T13:00:00Z,215,0,215,1
2022-08-07T14:00:00Z,223,0,223,1
2022-08-07T15:00:00Z,367,0,367,1
2022-08-07T16:00:00Z,186,0,186,1
2022-08-07T17:00:00Z,137,0,137,1
2022-08-07T18:00:00Z,128,0,128,1
2022-08-07T19:00:00Z,128,0,128,1
2022-08-07T20:00:00Z,830,0,830,1
2022-08-07T21:00:00Z,665,0,665,1
2022-08-07T22:00:00Z,126,0,126,0
2022-08-07T23:00:00Z,119,0,119,0
2022-08-08T00:00:00Z,223,0,223,0
2022-08-08T01:00:00Z,353,0,353,0
2022-08-08T02:00:00Z,344,0,344,0
2022-08-08T03:00:00Z,2689,0,2689,0
2022-08-08T04:00:00Z,715,0,715,0
2022-08-08T05:00:00Z,975,0,975,0
2022-08-08T06:00:00Z,312,0,312,1
2022-08-08T07:00:00Z,332,0,332,1
2022-08-08T08:00:00Z,1641,0,1641,1
2022-08-08T09:00:00Z,933,0,933,1
2022-08-08T10:00:00Z,973,0,973,1
2022-08-08T11:00:00Z,585,0,585,1
2022-08-08T12:00:00Z,504,0,504,1
2022-08-08T13:00:00Z,412,0,412,1
2022-08-08T14:00:00Z,231,0,231,1
2022-08-08T15:00:00Z,929,0,929,1
2022-08-08T16:00:00Z,807,0,807,1
2022-08-08T17:00:00Z,636,0,636,1
2022-08-08T18:00:00Z,472,0,472,1
2022-08-08T19:00:00Z,595,0,595,1
2022-08-08T20:00:00Z,1002,0,1002,1
2022-08-08T21:00:00Z,859,0,859,1
2022-08-08T22:00:00Z,402,0,402,0
2022-08-08T23:00:00Z,332,0,332,0
2022-08-09T00:00:00Z,0,281,281,0
2022-08-09T01:00:00Z,0,136,136,0
2022-08-09T02:00:00Z,0,124,124,0
2022-08-09T03:00:00Z,0,123,123,0
2022-08-09T04:00:00Z,0,123,123,0
2022-08-09T05:00:00Z,0,118,118,0
2022-08-09T06:00:00Z,0,123,123,1
2022-08-09T07:00:00Z,0,118,118,1
2022-08-09T08:00:00Z,0,132,132,1
2022-08-09T09:00:00Z,0,176,176,1
2022-08-09T10:00:00Z,0,203,203,1
2022-08-09T11:00:00Z,0,265,265,1
2022-08-09T12:00:00Z,0,626,626,1
2022-08-09T13:00:00Z,0,263,263,1
2022-08-09T14:00:00Z,0,252,252,1
2022-08-09T15:00:00Z,0,252,252,1
2022-08-09T16:00:00Z,165,0,165,1
2022-08-09T17:00:00Z,133,0,133,1
2022-08-09T18:00:00Z,123,0,123,1
2022-08-09T19:00:00Z,132,0,132,1
2022-08-09T20:00:00Z,739,0,739,1
2022-08-09T21:00:00Z,750,0,750,1
2022-08-09T22:00:00Z,123,0,123,0
2022-08-09T23:00:00Z,165,2,167,0
2022-08-10T00:00:00Z,0,458,458,0
2022-08-10T01:00:00Z,0,422,422,0
2022-08-10T02:00:00Z,0,190,190,0
2022-08-10T03:00:00Z,0,192,192,0
2022-08-10T04:00:00Z,0,167,167,0
2022-08-10T05:00:00Z,0,209,209,0
2022-08-10T06:00:00Z,0,198,198,1
2022-08-10T07:00:00Z,0,131,131,1
2022-08-10T08:00:00Z,0,124,124,1
2022-08-10T09:00:00Z,0,153,153,1
2022-08-10T10:00:00Z,0,532,532,1
2022-08-10T11:00:00Z,0,1709,1709,1
2022-08-10T12:00:00Z,0,442,442,1
2022-08-10T13:00:00Z,0,237,237,1
2022-08-10T14:00:00Z,0,655,655,1
2022-08-10T15:00:00Z,2,1055,1057,1
2022-08-10T16:00:00Z,882,0,882,1
2022-08-10T17:00:00Z,840,0,840,1
2022-08-10T18:00:00Z,669,0,669,1
2022-08-10T19:00:00Z,558,0,558,1
2022-08-10T20:00:00Z,1196,0,1196,1
2022-08-10T21:00:00Z,987,0,987,1
2022-08-10T22:00:00Z,378,0,378,0
2022-08-10T23:00:00Z,323,0,323,0
2022-08-11T00:00:00Z,0,351,351,0
2022-08-11T01:00:00Z,0,432,432,0
2022-08-11T02:00:00Z,0,316,316,0
2022-08-11T03:00:00Z,0,245,245,0
2022-08-11T04:00:00Z,0,230,230,0
2022-08-11T05:00:00Z,0,224,224,0
2022-08-11T06:00:00Z,0,224,224,1
2022-08-11T07:00:00Z,0,194,194,1
2022-08-11T08:00:00Z,0,187,187,1
2022-08-11T09:00:00Z,0,163,163,1
2022-08-11T10:00:00Z,0,144,144,1
2022-08-11T11:00:00Z,0,521,521,1
2022-08-11T12:00:00Z,0,1092,1092,1
2022-08-11T13:00:00Z,0,1046,1046,1
2022-08-11T14:00:00Z,0,1034,1034,1
2022-08-11T15:00:00Z,4,936,940,1
2022-08-11T16:00:00Z,886,0,886,1
2022-08-11T17:00:00Z,852,0,852,1
2022-08-11T18:00:00Z,633,0,633,1
2022-08-11T19:00:00Z,591,0,591,1
2022-08-11T20:00:00Z,444,0,444,1
2022-08-11T21:00:00Z,628,0,628,1
2022-08-11T22:00:00Z,718,0,718,0
2022-08-11T23:00:00Z,630,1,631,0
2022-08-12T00:00:00Z,0,398,398,0
2022-08-12T01:00:00Z,0,239,239,0
2022-08-12T02:00:00Z,0,1071,1071,0
2022-08-12T03:00:00Z,0,612,612,0
2022-08-12T04:00:00Z,0,301,301,0
2022-08-12T05:00:00Z,0,218,218,0
2022-08-12T06:00:00Z,0,223,223,1
2022-08-12T07:00:00Z,0,198,198,1
2022-08-12T08:00:00Z,0,192,192,1
2022-08-12T09:00:00Z,0,167,167,1
2022-08-12T10:00:00Z,0,843,843,1
2022-08-12T11:00:00Z,0,1338,1338,1
2022-08-12T12:00:00Z,0,383,383,1
2022-08-12T13:00:00Z,0,286,286,1
2022-08-12T14:00:00Z,0,557,557,1
2022-08-12T15:00:00Z,5,1144,1149,1
2022-08-12T16:00:00Z,1148,0,1148,1
2022-08-12T17:00:00Z,906,0,906,1
2022-08-12T18:00:00Z,879,0,879,1
2022-08-12T19:00:00Z,867,0,867,1
2022-08-12T20:00:00Z,1380,0,1380,1
2022-08-12T21:00:00Z,1344,0,1344,1
2022-08-12T22:00:00Z,660,0,660,0
2022-08-12T23:00:00Z,841,5,846,0
2022-08-13T00:00:00Z,0,1257,1257,0
2022-08-13T01:00:00Z,0,1535,1535,0
2022-08-13T02:00:00Z,0,215,215,0
2022-08-13T03:00:00Z,0,328,328,0
2022-08-13T04:00:00Z,0,153,153,0
2022-08-13T05:00:00Z,0,339,339,0
2022-08-13T06:00:00Z,0,307,307,1
2022-08-13T07:00:00Z,0,330,330,1
2022-08-13T08:00:00Z,0,496,496,1
2022-08-13T09:00:00Z,0,152,152,1
2022-08-13T10:00:00Z,0,135,135,1
2022-08-13T11:00:00Z,0,132,132,1
2022-08-13T12:00:00Z,0,118,118,1
2022-08-13T13:00:00Z,0,124,124,1
2022-08-13T14:00:00Z,0,118,118,1
2022-08-13T15:00:00Z,5,1002,1007,1
2022-08-13T16:00:00Z,1052,0,1052,1
2022-08-13T17:00:00Z,930,0,930,1
2022-08-13T18:00:00Z,896,0,896,1
2022-08-13T19:00:00Z,867,0,867,1
2022-08-13T20:00:00Z,859,0,859,1
2022-08-13T21:00:00Z,1430,0,1430,1
2022-08-13T22:00:00Z,1207,0,1207,0
2022-08-13T23:00:00Z,690,0,690,0
2022-08-14T00:00:00Z,435,0,435,0
2022-08-14T01:00:00Z,464,0,464,0
2022-08-14T02:00:00Z,399,0,399,0
2022-08-14T03:00:00Z,170,0,170,0
2022-08-14T04:00:00Z,119,0,119,0
2022-08-14T05:00:00Z,125,0,125,0
2022-08-14T06:00:00Z,763,0,763,1
2022-08-14T07:00:00Z,384,0,384,1
2022-08-14T08:00:00Z,298,0,298,1
2022-08-14T09:00:00Z,127,0,127,1
2022-08-14T10:00:00Z,125,0,125,1
2022-08-14T11:00:00Z,224,0,224,1
2022-08-14T12:00:00Z,271,0,271,1
2022-08-14T13:00:00Z,252,0,252,1
2022-08-14T14:00:00Z,914,0,914,1
2022-08-14T15:00:00Z,971,0,971,1
2022-08-14T16:00:00Z,912,0,912,1
2022-08-14T17:00:00Z,901,0,901,1
2022-08-14T18:00:00Z,894,0,894,1
2022-08-14T19:00:00Z,1459,0,1459,1
2022-08-14T20:00:00Z,1407,0,1407,1
2022-08-14T21:00:00Z,849,0,849,1
2022-08-14T22:00:00Z,844,0,844,0
2022-08-14T23:00:00Z,832,0,832,0
2022-08-15T00:00:00Z,841,0,841,0
2022-08-15T01:00:00Z,972,0,972,0
2022-08-15T02:00:00Z,1113,0,1113,0
2022-08-15T03:00:00Z,1191,0,1191,0
2022-08-15T04:00:00Z,230,0,230,0
2022-08-15T05:00:00Z,259,0,259,0
2022-08-15T06:00:00Z,197,0,197,1
2022-08-15T07:00:00Z,947,0,947,1
2022-08-15T08:00:00Z,590,0,590,1
2022-08-15T09:00:00Z,173,0,173,1
2022-08-15T10:00:00Z,1363,0,1363,1
2022-08-15T11:00:00Z,815,0,815,1
2022-08-15T12:00:00Z,319,0,319,1
2022-08-15T13:00:00Z,407,0,407,1
2022-08-15T14:00:00Z,722,0,722,1
2022-08-15T15:00:00Z,1119,0,1119,1
2022-08-15T16:00:00Z,978,0,978,1
2022-08-15T17:00:00Z,909,0,909,1
2022-08-15T18:00:00Z,901,0,901,1
2022-08-15T19:00:00Z,895,0,895,1
2022-08-15T20:00:00Z,1577,0,1577,1
2022-08-15T21:00:00Z,1397,0,1397,1
2022-08-15T22:00:00Z,872,0,872,0
2022-08-15T23:00:00Z,662,1,663,0
2022-08-16T00:00:00Z,0,270,270,0
2022-08-16T01:00:00Z,0,457,457,0
2022-08-16T02:00:00Z,0,418,418,0
2022-08-16T03:00:00Z,0,208,208,0
2022-08-16T04:00:00Z,0,206,206,0
2022-08-16T05:00:00Z,0,233,233,0
2022-08-16T06:00:00Z,0,333,333,1
2022-08-16T07:00:00Z,0,319,319,1
2022-08-16T08:00:00Z,0,220,220,1
2022-08-16T09:00:00Z,0,252,252,1
2022-08-16T10:00:00Z,0,487,487,1
2022-08-16T11:00:00Z,0,263,263,1
2022-08-16T12:00:00Z,0,229,229,1
2022-08-16T13:00:00Z,0,232,232,1
2022-08-16T14:00:00Z,0,576,576,1
2022-08-16T15:00:00Z,3,974,977,1
2022-08-16T16:00:00Z,888,0,888,1
2022-08-16T17:00:00Z,865,0,865,1
2022-08-16T18:00:00Z,862,0,862,1
2022-08-16T19:00:00Z,1306,0,1306,1
2022-08-16T20:00:00Z,1162,0,1162,1
2022-08-16T21:00:00Z,1201,0,1201,1
2022-08-16T22:00:00Z,826,0,826,0
2022-08-16T23:00:00Z,857,1,858,0
2022-08-17T00:00:00Z,0,368,368,0
2022-08-17T01:00:00Z,0,338,338,0
2022-08-17T02:00:00Z,0,156,156,0
2022-08-17T03:00:00Z,0,831,831,0
2022-08-17T04:00:00Z,0,159,159,0
2022-08-17T05:00:00Z,0,371,371,0
2022-08-17T06:00:00Z,0,324,324,1
2022-08-17T07:00:00Z,0,133,133,1
2022-08-17T08:00:00Z,0,119,119,1
2022-08-17T09:00:00Z,0,192,192,1
2022-08-17T10:00:00Z,0,185,185,1
2022-08-17T11:00:00Z,0,456,456,1
2022-08-17T12:00:00Z,0,278,278,1
2022-08-17T13:00:00Z,0,258,258,1
2022-08-17T14:00:00Z,0,503,503,1
2022-08-17T15:00:00Z,1,264,265,1
2022-08-17T16:00:00Z,866,0,866,1
2022-08-17T17:00:00Z,887,0,887,1
2022-08-17T18:00:00Z,856,0,856,1
2022-08-17T19:00:00Z,846,0,846,1
2022-08-17T20:00:00Z,1506,0,1506,1
2022-08-17T21:00:00Z,1340,0,1340,1
2022-08-17T22:00:00Z,830,0,830,0
2022-08-17T23:00:00Z,529,2,531,0
2022-08-18T00:00:00Z,0,319,319,0
2022-08-18T01:00:00Z,0,137,137,0
2022-08-18T02:00:00Z,0,118,118,0
2022-08-18T03:00:00Z,0,125,125,0
2022-08-18T04:00:00Z,0,125,125,0
2022-08-18T05:00:00Z,0,117,117,0
2022-08-18T06:00:00Z,0,128,128,1
2022-08-18T07:00:00Z,0,125,125,1
2022-08-18T08:00:00Z,0,132,132,1
2022-08-18T09:00:00Z,0,124,124,1
2022-08-18T10:00:00Z,0,480,480,1
2022-08-18T11:00:00Z,0,753,753,1
2022-08-18T12:00:00Z,0,326,326,1
2022-08-18T13:00:00Z,0,258,258,1
2022-08-18T14:00:00Z,0,237,237,1
2022-08-18T15:00:00Z,1,210,211,1
2022-08-18T16:00:00Z,139,0,139,1
2022-08-18T17:00:00Z,128,0,128,1
2022-08-18T18:00:00Z,126,0,126,1
2022-08-18T19:00:00Z,532,0,532,1
2022-08-18T20:00:00Z,397,0,397,1
2022-08-18T21:00:00Z,586,0,586,1
2022-08-18T22:00:00Z,130,0,130,0
2022-08-18T23:00:00Z,122,1,123,0
2022-08-19T00:00:00Z,0,303,303,0
2022-08-19T01:00:00Z,0,178,178,0
2022-08-19T02:00:00Z,0,124,124,0
2022-08-19T03:00:00Z,0,124,124,0
2022-08-19T04:00:00Z,0,124,124,0
2022-08-19T05:00:00Z,0,118,118,0
2022-08-19T06:00:00Z,0,124,124,1
2022-08-19T07:00:00Z,0,118,118,1
2022-08-19T08:00:00Z,0,130,130,1
2022-08-19T09:00:00Z,0,123,123,1
2022-08-19T10:00:00Z,0,225,225,1
2022-08-19T11:00:00Z,0,381,381,1
2022-08-19T12:00:00Z,0,247,247,1
2022-08-19T13:00:00Z,0,261,261,1
2022-08-19T14:00:00Z,0,289,289,1
2022-08-19T15:00:00Z,2,197,199,1
2022-08-19T16:00:00Z,137,0,137,1
2022-08-19T17:00:00Z,127,0,127,1
2022-08-19T18:00:00Z,126,0,126,1
2022-08-19T19:00:00Z,763,0,763,1
2022-08-19T20:00:00Z,639,0,639,1
2022-08-19T21:00:00Z,127,0,127,1
2022-08-19T22:00:00Z,128,0,128,0
2022-08-19T23:00:00Z,194,2,196,0
2022-08-20T00:00:00Z,0,313,313,0
2022-08-20T01:00:00Z,0,243,243,0
2022-08-20T02:00:00Z,0,130,130,0
2022-08-20T03:00:00Z,0,118,118,0
2022-08-20T04:00:00Z,0,128,128,0
2022-08-20T05:00:00Z,0,272,272,0
2022-08-20T06:00:00Z,0,149,149,1
2022-08-20T07:00:00Z,0,125,125,1
2022-08-20T08:00:00Z,0,206,206,1
2022-08-20T09:00:00Z,0,270,270,1
2022-08-20T10:00:00Z,0,267,267,1
2022-08-20T11:00:00Z,0,238,238,1
2022-08-20T12:00:00Z,0,268,268,1
2022-08-20T13:00:00Z,0,257,257,1
2022-08-20T14:00:00Z,0,603,603,1
2022-08-20T15:00:00Z,7,982,989,1
2022-08-20T16:00:00Z,939,0,939,1
2022-08-20T17:00:00Z,866,0,866,1
2022-08-20T18:00:00Z,844,0,844,1
2022-08-20T19:00:00Z,841,0,841,1
2022-08-20T20:00:00Z,1298,0,1298,1
2022-08-20T21:00:00Z,1501,0,1501,1
2022-08-20T22:00:00Z,819,0,819,0
2022-08-20T23:00:00Z,512,0,512,0
2022-08-21T00:00:00Z,480,0,480,0
2022-08-21T01:00:00Z,379,0,379,0
2022-08-21T02:00:00Z,578,0,578,0
2022-08-21T03:00:00Z,2526,0,2526,0
2022-08-21T04:00:00Z,608,0,608,0
2022-08-21T05:00:00Z,238,0,238,0
2022-08-21T06:00:00Z,162,0,162,1
2022-08-21T07:00:00Z,338,0,338,1
2022-08-21T08:00:00Z,1185,0,1185,1
2022-08-21T09:00:00Z,1547,0,1547,1
2022-08-21T10:00:00Z,574,0,574,1
2022-08-21T11:00:00Z,527,0,527,1
2022-08-21T12:00:00Z,260,0,260,1
2022-08-21T13:00:00Z,253,0,253,1
2022-08-21T14:00:00Z,255,0,255,1
2022-08-21T15:00:00Z,465,0,465,1
2022-08-21T16:00:00Z,784,0,784,1
2022-08-21T17:00:00Z,557,0,557,1
2022-08-21T18:00:00Z,434,0,434,1
2022-08-21T19:00:00Z,604,0,604,1
2022-08-21T20:00:00Z,894,0,894,1
2022-08-21T21:00:00Z,849,0,849,1
2022-08-21T22:00:00Z,323,0,323,0
2022-08-21T23:00:00Z,353,0,353,0
2022-08-22T00:00:00Z,1494,0,1494,0
2022-08-22T01:00:00Z,2001,0,2001,0
2022-08-22T02:00:00Z,350,0,350,0
2022-08-22T03:00:00Z,415,0,415,0
2022-08-22T04:00:00Z,1552,0,1552,0
2022-08-22T05:00:00Z,1445,0,1445,0
2022-08-22T06:00:00Z,337,0,337,1
2022-08-22T07:00:00Z,1380,0,1380,1
2022-08-22T08:00:00Z,321,0,321,1
2022-08-22T09:00:00Z,422,0,422,1
2022-08-22T10:00:00Z,1250,0,1250,1
2022-08-22T11:00:00Z,1137,0,1137,1
2022-08-22T12:00:00Z,518,0,518,1
2022-08-22T13:00:00Z,241,0,241,1
2022-08-22T14:00:00Z,229,0,229,1
2022-08-22T15:00:00Z,294,0,294,1
2022-08-22T16:00:00Z,160,0,160,1
2022-08-22T17:00:00Z,130,0,130,1
2022-08-22T18:00:00Z,127,0,127,1
2022-08-22T19:00:00Z,348,0,348,1
2022-08-22T20:00:00Z,624,0,624,1
2022-08-22T21:00:00Z,638,0,638,1
2022-08-22T22:00:00Z,134,0,134,0
2022-08-22T23:00:00Z,299,2,301,0
2022-08-23T00:00:00Z,0,270,270,0
2022-08-23T01:00:00Z,0,128,128,0
2022-08-23T02:00:00Z,0,124,124,0
2022-08-23T03:00:00Z,0,123,123,0
2022-08-23T04:00:00Z,0,117,117,0
2022-08-23T05:00:00Z,0,123,123,0
2022-08-23T06:00:00Z,0,118,118,1
2022-08-23T07:00:00Z,0,123,123,1
2022-08-23T08:00:00Z,0,118,118,1
2022-08-23T09:00:00Z,0,132,132,1
2022-08-23T10:00:00Z,0,167,167,1
2022-08-23T11:00:00Z,0,558,558,1
2022-08-23T12:00:00Z,0,612,612,1
2022-08-23T13:00:00Z,0,393,393,1
2022-08-23T14:00:00Z,0,415,415,1
2022-08-23T15:00:00Z,3,1030,1033,1
2022-08-23T16:00:00Z,886,0,886,1
2022-08-23T17:00:00Z,853,0,853,1
2022-08-23T18:00:00Z,829,0,829,1
2022-08-23T19:00:00Z,1323,0,1323,1
2022-08-23T20:00:00Z,1102,0,1102,1
2022-08-23T21:00:00Z,1060,0,1060,1
2022-08-23T22:00:00Z,713,0,713,0
2022-08-23T23:00:00Z,545,1,546,0
2022-08-24T00:00:00Z,0,256,256,0
2022-08-24T01:00:00Z,0,289,289,0
2022-08-24T02:00:00Z,0,347,347,0
2022-08-24T03:00:00Z,0,149,149,0
2022-08-24T04:00:00Z,0,130,130,0
2022-08-24T05:00:00Z,0,205,205,0
2022-08-24T06:00:00Z,0,202,202,1
2022-08-24T07:00:00Z,0,135,135,1
2022-08-24T08:00:00Z,0,136,136,1
2022-08-24T09:00:00Z,0,138,138,1
2022-08-24T10:00:00Z,0,286,286,1
2022-08-24T11:00:00Z,0,794,794,1
2022-08-24T12:00:00Z,0,467,467,1
2022-08-24T13:00:00Z,0,268,268,1
2022-08-24T14:00:00Z,0,426,426,1
2022-08-24T15:00:00Z,6,1031,1037,1
2022-08-24T16:00:00Z,884,0,884,1
2022-08-24T17:00:00Z,866,0,866,1
2022-08-24T18:00:00Z,850,0,850,1
2022-08-24T19:00:00Z,1180,0,1180,1
2022-08-24T20:00:00Z,1204,0,1204,1
2022-08-24T21:00:00Z,1330,0,1330,1
2022-08-24T22:00:00Z,737,0,737,0
2022-08-24T23:00:00Z,646,2,648,0
2022-08-25T00:00:00Z,0,385,385,0
2022-08-25T01:00:00Z,0,393,393,0
2022-08-25T02:00:00Z,0,218,218,0
2022-08-25T03:00:00Z,0,213,213,0
2022-08-25T04:00:00Z,0,200,200,0
2022-08-25T05:00:00Z,0,209,209,0
2022-08-25T06:00:00Z,0,191,191,1
2022-08-25T07:00:00Z,0,194,194,1
2022-08-25T08:00:00Z,0,190,190,1
2022-08-25T09:00:00Z,0,170,170,1
2022-08-25T10:00:00Z,0,509,509,1
2022-08-25T11:00:00Z,0,263,263,1
2022-08-25T12:00:00Z,0,257,257,1
2022-08-25T13:00:00Z,0,275,275,1
2022-08-25T14:00:00Z,0,704,704,1
2022-08-25T15:00:00Z,6,941,947,1
2022-08-25T16:00:00Z,912,0,912,1
2022-08-25T17:00:00Z,880,0,880,1
2022-08-25T18:00:00Z,870,0,870,1
2022-08-25T19:00:00Z,870,0,870,1
2022-08-25T20:00:00Z,866,0,866,1
2022-08-25T21:00:00Z,857,0,857,1
2022-08-25T22:00:00Z,844,0,844,0
2022-08-25T23:00:00Z,762,2,764,0
2022-08-26T00:00:00Z,0,412,412,0
2022-08-26T01:00:00Z,0,292,292,0
2022-08-26T02:00:00Z,0,231,231,0
2022-08-26T03:00:00Z,0,212,212,0
2022-08-26T04:00:00Z,0,204,204,0
2022-08-26T05:00:00Z,0,280,280,0
2022-08-26T06:00:00Z,0,162,162,1
2022-08-26T07:00:00Z,0,223,223,1
2022-08-26T08:00:00Z,0,194,194,1
2022-08-26T09:00:00Z,0,178,178,1
2022-08-26T10:00:00Z,0,480,480,1
2022-08-26T11:00:00Z,0,1999,1999,1
2022-08-26T12:00:00Z,0,520,520,1
2022-08-26T13:00:00Z,0,667,667,1
2022-08-26T14:00:00Z,0,1102,1102,1
2022-08-26T15:00:00Z,7,991,998,1
2022-08-26T16:00:00Z,908,0,908,1
2022-08-26T17:00:00Z,869,0,869,1
2022-08-26T18:00:00Z,870,0,870,1
2022-08-26T19:00:00Z,1357,0,1357,1
2022-08-26T20:00:00Z,1393,0,1393,1
2022-08-26T21:00:00Z,1038,0,1038,1
2022-08-26T22:00:00Z,836,0,836,0
2022-08-26T23:00:00Z,828,6,834,0
2022-08-27T00:00:00Z,0,923,923,0
2022-08-27T01:00:00Z,0,799,799,0
2022-08-27T02:00:00Z,0,259,259,0
2022-08-27T03:00:00Z,0,775,775,0
2022-08-27T04:00:00Z,0,704,704,0
2022-08-27T05:00:00Z,0,1577,1577,0
2022-08-27T06:00:00Z,0,916,916,1
2022-08-27T07:00:00Z,0,298,298,1
2022-08-27T08:00:00Z,0,250,250,1
2022-08-27T09:00:00Z,0,244,244,1
2022-08-27T10:00:00Z,0,282,282,1
2022-08-27T11:00:00Z,0,280,280,1
2022-08-27T12:00:00Z,0,244,244,1
2022-08-27T13:00:00Z,0,389,389,1
2022-08-27T14:00:00Z,0,292,292,1
2022-08-27T15:00:00Z,1,633,634,1
2022-08-27T16:00:00Z,516,0,516,1
2022-08-27T17:00:00Z,630,0,630,1
2022-08-27T18:00:00Z,135,0,135,1
2022-08-27T19:00:00Z,132,0,132,1
2022-08-27T20:00:00Z,139,0,139,1
2022-08-27T21:00:00Z,120,0,120,1
2022-08-27T22:00:00Z,126,0,126,0
2022-08-27T23:00:00Z,126,0,126,0
2022-08-28T00:00:00Z,253,0,253,0
2022-08-28T01:00:00Z,578,0,578,0
2022-08-28T02:00:00Z,217,0,217,0
2022-08-28T03:00:00Z,126,0,126,0
2022-08-28T04:00:00Z,129,0,129,0
2022-08-28T05:00:00Z,125,0,125,0
2022-08-28T06:00:00Z,129,0,129,1
2022-08-28T07:00:00Z,303,0,303,1
2022-08-28T08:00:00Z,372,0,372,1
2022-08-28T09:00:00Z,340,0,340,1
2022-08-28T10:00:00Z,269,0,269,1
2022-08-28T11:00:00Z,159,0,159,1
2022-08-28T12:00:00Z,120,0,120,1
2022-08-28T13:00:00Z,151,0,151,1
2022-08-28T14:00:00Z,301,0,301,1
2022-08-28T15:00:00Z,252,0,252,1
2022-08-28T16:00:00Z,560,0,560,1
2022-08-28T17:00:00Z,595,0,595,1
2022-08-28T18:00:00Z,133,0,133,1
2022-08-28T19:00:00Z,127,0,127,1
2022-08-28T20:00:00Z,133,0,133,1
2022-08-28T21:00:00Z,119,0,119,1
2022-08-28T22:00:00Z,125,0,125,0
2022-08-28T23:00:00Z,120,0,120,0
2022-08-29T00:00:00Z,223,0,223,0
2022-08-29T01:00:00Z,1130,0,1130,0
2022-08-29T02:00:00Z,396,0,396,0
2022-08-29T03:00:00Z,469,0,469,0
2022-08-29T04:00:00Z,1900,0,1900,0
2022-08-29T05:00:00Z,998,0,998,0
2022-08-29T06:00:00Z,829,0,829,1
2022-08-29T07:00:00Z,580,0,580,1
2022-08-29T08:00:00Z,1660,0,1660,1
2022-08-29T09:00:00Z,1182,0,1182,1
2022-08-29T10:00:00Z,774,0,774,1
2022-08-29T11:00:00Z,1125,0,1125,1
2022-08-29T12:00:00Z,712,0,712,1
2022-08-29T13:00:00Z,348,0,348,1
2022-08-29T14:00:00Z,316,0,316,1
2022-08-29T15:00:00Z,569,0,569,1
2022-08-29T16:00:00Z,164,0,164,1
2022-08-29T17:00:00Z,146,0,146,1
2022-08-29T18:00:00Z,135,0,135,1
2022-08-29T19:00:00Z,870,0,870,1
2022-08-29T20:00:00Z,674,0,674,1
2022-08-29T21:00:00Z,128,0,128,1
2022-08-29T22:00:00Z,118,0,118,0
2022-08-29T23:00:00Z,322,1,323,0
2022-08-30T00:00:00Z,0,283,283,0
2022-08-30T01:00:00Z,0,286,286,0
2022-08-30T02:00:00Z,0,407,407,0
2022-08-30T03:00:00Z,0,288,288,0
2022-08-30T04:00:00Z,0,336,336,0
2022-08-30T05:00:00Z,0,325,325,0
2022-08-30T06:00:00Z,0,1060,1060,1
2022-08-30T07:00:00Z,0,595,595,1
2022-08-30T08:00:00Z,0,632,632,1
2022-08-30T09:00:00Z,0,1392,1392,1
2022-08-30T10:00:00Z,0,409,409,1
2022-08-30T11:00:00Z,0,917,917,1
2022-08-30T12:00:00Z,0,238,238,1
2022-08-30T13:00:00Z,0,338,338,1
2022-08-30T14:00:00Z,0,229,229,1
2022-08-30T15:00:00Z,10,489,499,1
2022-08-30T16:00:00Z,202,0,202,1
2022-08-30T17:00:00Z,146,0,146,1
2022-08-30T18:00:00Z,135,0,135,1
2022-08-30T19:00:00Z,545,0,545,1
2022-08-30T20:00:00Z,474,0,474,1
2022-08-30T21:00:00Z,651,0,651,1
2022-08-30T22:00:00Z,129,0,129,0
2022-08-30T23:00:00Z,527,2,529,0
2022-08-31T00:00:00Z,0,266,266,0
2022-08-31T01:00:00Z,0,307,307,0
2022-08-31T02:00:00Z,0,580,580,0
2022-08-31T03:00:00Z,0,153,153,0
2022-08-31T04:00:00Z,0,127,127,0
2022-08-31T05:00:00Z,0,138,138,0
2022-08-31T06:00:00Z,0,131,131,1
2022-08-31T07:00:00Z,0,124,124,1
2022-08-31T08:00:00Z,0,124,124,1
2022-08-31T09:00:00Z,0,133,133,1
2022-08-31T10:00:00Z,0,369,369,1
2022-08-31T11:00:00Z,0,808,808,1
2022-08-31T12:00:00Z,0,528,528,1
2022-08-31T13:00:00Z,0,370,370,1
2022-08-31T14:00:00Z,0,228,228,1
2022-08-31T15:00:00Z,1,325,326,1
2022-08-31T16:00:00Z,184,0,184,1
2022-08-31T17:00:00Z,138,0,138,1
2022-08-31T18:00:00Z,133,0,133,1
2022-08-31T19:00:00Z,127,0,127,1
2022-08-31T20:00:00Z,819,0,819,1
2022-08-31T21:00:00Z,710,0,710,1
2022-08-31T22:00:00Z,126,0,126,0
2022-08-31T23:00:00Z,240,1,241,0
2022-09-01T00:00:00Z,0,353,353,0
2022-09-01T01:00:00Z,0,363,363,0
2022-09-01T02:00:00Z,0,199,199,0
2022-09-01T03:00:00Z,0,201,201,0
2022-09-01T04:00:00Z,0,217,217,0
2022-09-01T05:00:00Z,0,458,458,0
2022-09-01T06:00:00Z,0,190,190,1
2022-09-01T07:00:00Z,0,179,179,1
2022-09-01T08:00:00Z,0,194,194,1
2022-09-01T09:00:00Z,0,347,347,1
2022-09-01T10:00:00Z,0,1288,1288,1
2022-09-01T11:00:00Z,0,766,766,1
2022-09-01T12:00:00Z,0,242,242,1
2022-09-01T13:00:00Z,0,237,237,1
2022-09-01T14:00:00Z,0,287,287,1
2022-09-01T15:00:00Z,2,287,289,1
2022-09-01T16:00:00Z,165,0,165,1
2022-09-01T17:00:00Z,123,0,123,1
2022-09-01T18:00:00Z,127,0,127,1
2022-09-01T19:00:00Z,129,0,129,1
2022-09-01T20:00:00Z,845,0,845,1
2022-09-01T21:00:00Z,673,0,673,1
2022-09-01T22:00:00Z,122,0,122,0
2022-09-01T23:00:00Z,266,2,268,0
2022-09-02T00:00:00Z,0,239,239,0
2022-09-02T01:00:00Z,0,137,137,0
2022-09-02T02:00:00Z,0,124,124,0
2022-09-02T03:00:00Z,0,120,120,0
2022-09-02T04:00:00Z,0,127,127,0
2022-09-02T05:00:00Z,0,121,121,0
2022-09-02T06:00:00Z,0,127,127,1
2022-09-02T07:00:00Z,0,120,120,1
2022-09-02T08:00:00Z,0,125,125,1
2022-09-02T09:00:00Z,0,120,120,1
2022-09-02T10:00:00Z,0,145,145,1
2022-09-02T11:00:00Z,0,396,396,1
2022-09-02T12:00:00Z,0,1094,1094,1
2022-09-02T13:00:00Z,0,349,349,1
2022-09-02T14:00:00Z,0,281,281,1
2022-09-02T15:00:00Z,1,260,261,1
2022-09-02T16:00:00Z,150,0,150,1
2022-09-02T17:00:00Z,129,0,129,1
2022-09-02T18:00:00Z,132,0,132,1
2022-09-02T19:00:00Z,318,0,318,1
2022-09-02T20:00:00Z,656,0,656,1
2022-09-02T21:00:00Z,643,0,643,1
2022-09-02T22:00:00Z,121,0,121,0
2022-09-02T23:00:00Z,168,1,169,0
2022-09-03T00:00:00Z,0,338,338,0
2022-09-03T01:00:00Z,0,324,324,0
2022-09-03T02:00:00Z,0,399,399,0
2022-09-03T03:00:00Z,0,155,155,0
2022-09-03T04:00:00Z,0,249,249,0
2022-09-03T05:00:00Z,0,248,248,0
2022-09-03T06:00:00Z,0,403,403,1
2022-09-03T07:00:00Z,0,329,329,1
2022-09-03T08:00:00Z,0,282,282,1
2022-09-03T09:00:00Z,0,247,247,1
2022-09-03T10:00:00Z,0,175,175,1
2022-09-03T11:00:00Z,0,182,182,1
2022-09-03T12:00:00Z,0,233,233,1
2022-09-03T13:00:00Z,0,227,227,1
2022-09-03T14:00:00Z,0,230,230,1
2022-09-03T15:00:00Z,2,236,238,1
2022-09-03T16:00:00Z,175,0,175,1
2022-09-03T17:00:00Z,135,0,135,1
2022-09-03T18:00:00Z,129,0,129,1
2022-09-03T19:00:00Z,229,0,229,1
2022-09-03T20:00:00Z,715,0,715,1
2022-09-03T21:00:00Z,631,0,631,1
2022-09-03T22:00:00Z,122,0,122,0
2022-09-03T23:00:00Z,168,0,168,0
2022-09-04T00:00:00Z,279,0,279,0
2022-09-04T01:00:00Z,773,0,773,0
2022-09-04T02:00:00Z,662,0,662,0
2022-09-04T03:00:00Z,140,0,140,0
2022-09-04T04:00:00Z,219,0,219,0
2022-09-04T05:00:00Z,2214,0,2214,0
2022-09-04T06:00:00Z,728,0,728,1
2022-09-04T07:00:00Z,372,0,372,1
2022-09-04T08:00:00Z,1110,0,1110,1
2022-09-04T09:00:00Z,1020,0,1020,1
2022-09-04T10:00:00Z,128,0,128,1
2022-09-04T11:00:00Z,182,0,182,1
2022-09-04T12:00:00Z,221,0,221,1
2022-09-04T13:00:00Z,213,0,213,1
2022-09-04T14:00:00Z,253,0,253,1
2022-09-04T15:00:00Z,248,0,248,1
2022-09-04T16:00:00Z,171,0,171,1
2022-09-04T17:00:00Z,134,0,134,1
2022-09-04T18:00:00Z,124,0,124,1
2022-09-04T19:00:00Z,130,0,130,1
2022-09-04T20:00:00Z,783,0,783,1
2022-09-04T21:00:00Z,636,0,636,1
2022-09-04T22:00:00Z,127,0,127,0
2022-09-04T23:00:00Z,333,0,333,0
2022-09-05T00:00:00Z,349,0,349,0
2022-09-05T01:00:00Z,752,0,752,0
2022-09-05T02:00:00Z,1797,0,1797,0
2022-09-05T03:00:00Z,186,0,186,0
2022-09-05T04:00:00Z,543,0,543,0
2022-09-05T05:00:00Z,330,0,330,0
2022-09-05T06:00:00Z,296,0,296,1
2022-09-05T07:00:00Z,1247,0,1247,1
2022-09-05T08:00:00Z,479,0,479,1
2022-09-05T09:00:00Z,278,0,278,1
2022-09-05T10:00:00Z,377,0,377,1
2022-09-05T11:00:00Z,646,0,646,1
2022-09-05T12:00:00Z,706,0,706,1
2022-09-05T13:00:00Z,247,0,247,1
2022-09-05T14:00:00Z,677,0,677,1
2022-09-05T15:00:00Z,929,0,929,1
2022-09-05T16:00:00Z,864,0,864,1
2022-09-05T17:00:00Z,838,0,838,1
2022-09-05T18:00:00Z,836,0,836,1
2022-09-05T19:00:00Z,651,0,651,1
2022-09-05T20:00:00Z,571,0,571,1
2022-09-05T21:00:00Z,552,0,552,1
2022-09-05T22:00:00Z,512,0,512,0
2022-09-05T23:00:00Z,500,2,502,0
2022-09-06T00:00:00Z,0,261,261,0
2022-09-06T01:00:00Z,0,159,159,0
2022-09-06T02:00:00Z,0,125,125,0
2022-09-06T03:00:00Z,0,124,124,0
2022-09-06T04:00:00Z,0,121,121,0
2022-09-06T05:00:00Z,0,131,131,0
2022-09-06T06:00:00Z,0,125,125,1
2022-09-06T07:00:00Z,0,131,131,1
2022-09-06T08:00:00Z,0,119,119,1
2022-09-06T09:00:00Z,0,124,124,1
2022-09-06T10:00:00Z,0,1120,1120,1
2022-09-06T11:00:00Z,0,1126,1126,1
2022-09-06T12:00:00Z,0,366,366,1
2022-09-06T13:00:00Z,0,1096,1096,1
2022-09-06T14:00:00Z,0,1131,1131,1
2022-09-06T15:00:00Z,8,927,935,1
2022-09-06T16:00:00Z,871,0,871,1
2022-09-06T17:00:00Z,862,0,862,1
2022-09-06T18:00:00Z,853,0,853,1
2022-09-06T19:00:00Z,1481,0,1481,1
2022-09-06T20:00:00Z,1450,0,1450,1
2022-09-06T21:00:00Z,823,0,823,1
2022-09-06T22:00:00Z,529,0,529,0
2022-09-06T23:00:00Z,578,2,580,0
2022-09-07T00:00:00Z,0,335,335,0
2022-09-07T01:00:00Z,0,327,327,0
2022-09-07T02:00:00Z,0,136,136,0
2022-09-07T03:00:00Z,0,524,524,0
2022-09-07T04:00:00Z,0,149,149,0
2022-09-07T05:00:00Z,0,264,264,0
2022-09-07T06:00:00Z,0,220,220,1
2022-09-07T07:00:00Z,0,136,136,1
2022-09-07T08:00:00Z,0,130,130,1
2022-09-07T09:00:00Z,0,121,121,1
2022-09-07T10:00:00Z,0,660,660,1
2022-09-07T11:00:00Z,0,598,598,1
2022-09-07T12:00:00Z,0,279,279,1
2022-09-07T13:00:00Z,0,239,239,1
2022-09-07T14:00:00Z,0,719,719,1
2022-09-07T15:00:00Z,10,980,990,1
2022-09-07T16:00:00Z,896,0,896,1
2022-09-07T17:00:00Z,855,0,855,1
2022-09-07T18:00:00Z,831,0,831,1
2022-09-07T19:00:00Z,826,0,826,1
2022-09-07T20:00:00Z,1043,0,1043,1
2022-09-07T21:00:00Z,919,0,919,1
2022-09-07T22:00:00Z,908,0,908,0
2022-09-07T23:00:00Z,418,2,420,0
2022-09-08T00:00:00Z,0,217,217,0
2022-09-08T01:00:00Z,0,134,134,0
2022-09-08T02:00:00Z,0,129,129,0
2022-09-08T03:00:00Z,0,119,119,0
2022-09-08T04:00:00Z,0,124,124,0
2022-09-08T05:00:00Z,0,117,117,0
2022-09-08T06:00:00Z,0,124,124,1
2022-09-08T07:00:00Z,0,118,118,1
2022-09-08T08:00:00Z,0,126,126,1
2022-09-08T09:00:00Z,0,145,145,1
2022-09-08T10:00:00Z,0,290,290,1
2022-09-08T11:00:00Z,0,1217,1217,1
2022-09-08T12:00:00Z,0,420,420,1
2022-09-08T13:00:00Z,0,367,367,1
2022-09-08T14:00:00Z,0,262,262,1
2022-09-08T15:00:00Z,2,290,292,1
2022-09-08T16:00:00Z,155,0,155,1
2022-09-08T17:00:00Z,139,0,139,1
2022-09-08T18:00:00Z,138,0,138,1
2022-09-08T19:00:00Z,146,0,146,1
2022-09-08T20:00:00Z,820,0,820,1
2022-09-08T21:00:00Z,652,0,652,1
2022-09-08T22:00:00Z,120,0,120,0
2022-09-08T23:00:00Z,298,5,303,0
2022-09-09T00:00:00Z,0,479,479,0
2022-09-09T01:00:00Z,0,247,247,0
2022-09-09T02:00:00Z,0,210,210,0
2022-09-09T03:00:00Z,0,202,202,0
2022-09-09T04:00:00Z,0,160,160,0
2022-09-09T05:00:00Z,0,145,145,0
2022-09-09T06:00:00Z,0,178,178,1
2022-09-09T07:00:00Z,0,191,191,1
2022-09-09T08:00:00Z,0,178,178,1
2022-09-09T09:00:00Z,0,177,177,1
2022-09-09T10:00:00Z,0,300,300,1
2022-09-09T11:00:00Z,0,841,841,1
2022-09-09T12:00:00Z,0,393,393,1
2022-09-09T13:00:00Z,0,401,401,1
2022-09-09T14:00:00Z,0,250,250,1
2022-09-09T15:00:00Z,4,254,258,1
2022-09-09T16:00:00Z,192,0,192,1
2022-09-09T17:00:00Z,126,0,126,1
2022-09-09T18:00:00Z,127,0,127,1
2022-09-09T19:00:00Z,121,0,121,1
2022-09-09T20:00:00Z,843,0,843,1
2022-09-09T21:00:00Z,683,0,683,1
2022-09-09T22:00:00Z,133,0,133,0
2022-09-09T23:00:00Z,159,4,163,0
2022-09-10T00:00:00Z,0,361,361,0
2022-09-10T01:00:00Z,0,394,394,0
2022-09-10T02:00:00Z,0,318,318,0
2022-09-10T03:00:00Z,0,257,257,0
2022-09-10T04:00:00Z,0,252,252,0
2022-09-10T05:00:00Z,0,297,297,0
2022-09-10T06:00:00Z,0,700,700,1
2022-09-10T07:00:00Z,0,268,268,1
2022-09-10T08:00:00Z,0,270,270,1
2022-09-10T09:00:00Z,0,305,305,1
2022-09-10T10:00:00Z,0,355,355,1
2022-09-10T11:00:00Z,0,601,601,1
2022-09-10T12:00:00Z,0,241,241,1
2022-09-10T13:00:00Z,0,215,215,1
2022-09-10T14:00:00Z,0,237,237,1
2022-09-10T15:00:00Z,1,252,253,1
2022-09-10T16:00:00Z,140,0,140,1
2022-09-10T17:00:00Z,129,0,129,1
2022-09-10T18:00:00Z,127,0,127,1
2022-09-10T19:00:00Z,543,0,543,1
2022-09-10T20:00:00Z,465,0,465,1
2022-09-10T21:00:00Z,645,0,645,1
2022-09-10T22:00:00Z,120,0,120,0
2022-09-10T23:00:00Z,125,0,125,0
2022-09-11T00:00:00Z,245,0,245,0
2022-09-11T01:00:00Z,1087,0,1087,0
2022-09-11T02:00:00Z,497,0,497,0
2022-09-11T03:00:00Z,296,0,296,0
2022-09-11T04:00:00Z,1124,0,1124,0
2022-09-11T05:00:00Z,1554,0,1554,0
2022-09-11T06:00:00Z,348,0,348,1
2022-09-11T07:00:00Z,809,0,809,1
2022-09-11T08:00:00Z,332,0,332,1
2022-09-11T09:00:00Z,283,0,283,1
2022-09-11T10:00:00Z,507,0,507,1
2022-09-11T11:00:00Z,1976,0,1976,1
2022-09-11T12:00:00Z,321,0,321,1
2022-09-11T13:00:00Z,251,0,251,1
2022-09-11T14:00:00Z,229,0,229,1
2022-09-11T15:00:00Z,224,0,224,1
2022-09-11T16:00:00Z,153,0,153,1
2022-09-11T17:00:00Z,140,0,140,1
2022-09-11T18:00:00Z,131,0,131,1
2022-09-11T19:00:00Z,128,0,128,1
2022-09-11T20:00:00Z,847,0,847,1
2022-09-11T21:00:00Z,670,0,670,1
2022-09-11T22:00:00Z,120,0,120,0
2022-09-11T23:00:00Z,127,0,127,0
2022-09-12T00:00:00Z,1369,0,1369,0
2022-09-12T01:00:00Z,437,0,437,0
2022-09-12T02:00:00Z,396,0,396,0
2022-09-12T03:00:00Z,487,0,487,0
2022-09-12T04:00:00Z,1670,0,1670,0
2022-09-12T05:00:00Z,881,0,881,0
2022-09-12T06:00:00Z,317,0,317,1
2022-09-12T07:00:00Z,333,0,333,1
2022-09-12T08:00:00Z,251,0,251,1
2022-09-12T09:00:00Z,226,0,226,1
2022-09-12T10:00:00Z,252,0,252,1
2022-09-12T11:00:00Z,1639,0,1639,1
2022-09-12T12:00:00Z,326,0,326,1
2022-09-12T13:00:00Z,236,0,236,1
2022-09-12T14:00:00Z,367,0,367,1
2022-09-12T15:00:00Z,240,0,240,1
2022-09-12T16:00:00Z,145,0,145,1
2022-09-12T17:00:00Z,128,0,128,1
2022-09-12T18:00:00Z,128,0,128,1
2022-09-12T19:00:00Z,663,0,663,1
2022-09-12T20:00:00Z,690,0,690,1
2022-09-12T21:00:00Z,318,0,318,1
2022-09-12T22:00:00Z,124,0,124,0
2022-09-12T23:00:00Z,245,1,246,0
2022-09-13T00:00:00Z,0,202,202,0
2022-09-13T01:00:00Z,0,124,124,0
2022-09-13T02:00:00Z,0,124,124,0
2022-09-13T03:00:00Z,0,117,117,0
2022-09-13T04:00:00Z,0,124,124,0
2022-09-13T05:00:00Z,0,118,118,0
2022-09-13T06:00:00Z,0,124,124,1
2022-09-13T07:00:00Z,0,118,118,1
2022-09-13T08:00:00Z,0,125,125,1
2022-09-13T09:00:00Z,0,115,115,1
2022-09-13T10:00:00Z,0,515,515,1
2022-09-13T11:00:00Z,0,720,720,1
2022-09-13T12:00:00Z,0,284,284,1
2022-09-13T13:00:00Z,0,270,270,1
2022-09-13T14:00:00Z,0,264,264,1
2022-09-13T15:00:00Z,1,221,222,1
2022-09-13T16:00:00Z,133,0,133,1
2022-09-13T17:00:00Z,127,0,127,1
2022-09-13T18:00:00Z,128,0,128,1
2022-09-13T19:00:00Z,524,0,524,1
2022-09-13T20:00:00Z,460,0,460,1
2022-09-13T21:00:00Z,636,0,636,1
2022-09-13T22:00:00Z,227,0,227,0
2022-09-13T23:00:00Z,350,2,352,0
2022-09-14T00:00:00Z,0,255,255,0
2022-09-14T01:00:00Z,0,164,164,0
2022-09-14T02:00:00Z,0,143,143,0
2022-09-14T03:00:00Z,0,128,128,0
2022-09-14T04:00:00Z,0,135,135,0
2022-09-14T05:00:00Z,0,143,143,0
2022-09-14T06:00:00Z,0,136,136,1
2022-09-14T07:00:00Z,0,124,124,1
2022-09-14T08:00:00Z,0,124,124,1
2022-09-14T09:00:00Z,0,118,118,1
2022-09-14T10:00:00Z,0,181,181,1
2022-09-14T11:00:00Z,0,409,409,1
2022-09-14T12:00:00Z,0,227,227,1
2022-09-14T13:00:00Z,0,226,226,1
2022-09-14T14:00:00Z,0,224,224,1
2022-09-14T15:00:00Z,2,218,220,1
2022-09-14T16:00:00Z,135,0,135,1
2022-09-14T17:00:00Z,131,0,131,1
2022-09-14T18:00:00Z,130,0,130,1
2022-09-14T19:00:00Z,516,0,516,1
2022-09-14T20:00:00Z,449,0,449,1
2022-09-14T21:00:00Z,622,0,622,1
2022-09-14T22:00:00Z,127,0,127,0
2022-09-14T23:00:00Z,325,3,328,0
2022-09-15T00:00:00Z,0,307,307,0
2022-09-15T01:00:00Z,0,130,130,0
2022-09-15T02:00:00Z,0,124,124,0
2022-09-15T03:00:00Z,0,117,117,0
2022-09-15T04:00:00Z,0,123,123,0
2022-09-15T05:00:00Z,0,124,124,0
2022-09-15T06:00:00Z,0,117,117,1
2022-09-15T07:00:00Z,0,124,124,1
2022-09-15T08:00:00Z,0,117,117,1
2022-09-15T09:00:00Z,0,156,156,1
2022-09-15T10:00:00Z,0,206,206,1
2022-09-15T11:00:00Z,0,877,877,1
2022-09-15T12:00:00Z,0,329,329,1
2022-09-15T13:00:00Z,0,267,267,1
2022-09-15T14:00:00Z,0,243,243,1
2022-09-15T15:00:00Z,4,312,316,1
2022-09-15T16:00:00Z,172,0,172,1
2022-09-15T17:00:00Z,137,0,137,1
2022-09-15T18:00:00Z,128,0,128,1
2022-09-15T19:00:00Z,121,0,121,1
2022-09-15T20:00:00Z,843,0,843,1
2022-09-15T21:00:00Z,653,0,653,1
2022-09-15T22:00:00Z,127,0,127,0
2022-09-15T23:00:00Z,273,2,275,0
2022-09-16T00:00:00Z,0,289,289,0
2022-09-16T01:00:00Z,0,243,243,0
2022-09-16T02:00:00Z,0,246,246,0
2022-09-16T03:00:00Z,0,239,239,0
2022-09-16T04:00:00Z,0,328,328,0
2022-09-16T05:00:00Z,0,246,246,0
2022-09-16T06:00:00Z,0,187,187,1
2022-09-16T07:00:00Z,0,208,208,1
2022-09-16T08:00:00Z,0,169,169,1
2022-09-16T09:00:00Z,0,140,140,1
2022-09-16T10:00:00Z,0,276,276,1
2022-09-16T11:00:00Z,0,1251,1251,1
2022-09-16T12:00:00Z,0,255,255,1
2022-09-16T13:00:00Z,0,263,263,1
2022-09-16T14:00:00Z,0,235,235,1
2022-09-16T15:00:00Z,2,300,302,1
2022-09-16T16:00:00Z,170,0,170,1
2022-09-16T17:00:00Z,132,0,132,1
2022-09-16T18:00:00Z,128,0,128,1
2022-09-16T19:00:00Z,212,0,212,1
2022-09-16T20:00:00Z,783,0,783,1
2022-09-16T21:00:00Z,671,0,671,1
2022-09-16T22:00:00Z,127,0,127,0
2022-09-16T23:00:00Z,241,8,249,0
2022-09-17T00:00:00Z,0,385,385,0
2022-09-17T01:00:00Z,0,329,329,0
2022-09-17T02:00:00Z,0,439,439,0
2022-09-17T03:00:00Z,0,332,332,0
2022-09-17T04:00:00Z,0,310,310,0
2022-09-17T05:00:00Z,0,720,720,0
2022-09-17T06:00:00Z,0,654,654,1
2022-09-17T07:00:00Z,0,338,338,1
2022-09-17T08:00:00Z,0,338,338,1
2022-09-17T09:00:00Z,0,319,319,1
2022-09-17T10:00:00Z,0,711,711,1
2022-09-17T11:00:00Z,0,1169,1169,1
2022-09-17T12:00:00Z,0,437,437,1
2022-09-17T13:00:00Z,0,247,247,1
2022-09-17T14:00:00Z,0,232,232,1
2022-09-17T15:00:00Z,2,226,228,1
2022-09-17T16:00:00Z,142,0,142,1
2022-09-17T17:00:00Z,128,0,128,1
2022-09-17T18:00:00Z,127,0,127,1
2022-09-17T19:00:00Z,603,0,603,1
2022-09-17T20:00:00Z,433,0,433,1
2022-09-17T21:00:00Z,655,0,655,1
2022-09-17T22:00:00Z,125,0,125,0
2022-09-17T23:00:00Z,118,0,118,0
2022-09-18T00:00:00Z,822,0,822,0
2022-09-18T01:00:00Z,368,0,368,0
2022-09-18T02:00:00Z,341,0,341,0
2022-09-18T03:00:00Z,658,0,658,0
2022-09-18T04:00:00Z,1953,0,1953,0
2022-09-18T05:00:00Z,674,0,674,0
2022-09-18T06:00:00Z,393,0,393,1
2022-09-18T07:00:00Z,524,0,524,1
2022-09-18T08:00:00Z,2090,0,2090,1
2022-09-18T09:00:00Z,266,0,266,1
2022-09-18T10:00:00Z,593,0,593,1
2022-09-18T11:00:00Z,1029,0,1029,1
2022-09-18T12:00:00Z,218,0,218,1
2022-09-18T13:00:00Z,226,0,226,1
2022-09-18T14:00:00Z,224,0,224,1
2022-09-18T15:00:00Z,295,0,295,1
2022-09-18T16:00:00Z,137,0,137,1
2022-09-18T17:00:00Z,117,0,117,1
2022-09-18T18:00:00Z,123,0,123,1
2022-09-18T19:00:00Z,127,0,127,1
2022-09-18T20:00:00Z,131,0,131,1
2022-09-18T21:00:00Z,123,0,123,1
2022-09-18T22:00:00Z,130,0,130,0
2022-09-18T23:00:00Z,127,0,127,0
2022-09-19T00:00:00Z,174,0,174,0
2022-09-19T01:00:00Z,1056,0,1056,0
2022-09-19T02:00:00Z,396,0,396,0
2022-09-19T03:00:00Z,469,0,469,0
2022-09-19T04:00:00Z,1814,0,1814,0
2022-09-19T05:00:00Z,1065,0,1065,0
2022-09-19T06:00:00Z,1112,0,1112,1
2022-09-19T07:00:00Z,389,0,389,1
2022-09-19T08:00:00Z,368,0,368,1
2022-09-19T09:00:00Z,277,0,277,1
2022-09-19T10:00:00Z,2446,0,2446,1
2022-09-19T11:00:00Z,1935,0,1935,1
2022-09-19T12:00:00Z,267,0,267,1
2022-09-19T13:00:00Z,227,0,227,1
2022-09-19T14:00:00Z,360,0,360,1
2022-09-19T15:00:00Z,138,0,138,1
2022-09-19T16:00:00Z,130,0,130,1
2022-09-19T17:00:00Z,121,0,121,1
2022-09-19T18:00:00Z,295,0,295,1
2022-09-19T19:00:00Z,759,0,759,1
2022-09-19T20:00:00Z,694,0,694,1
2022-09-19T21:00:00Z,130,0,130,1
2022-09-19T22:00:00Z,125,0,125,0
2022-09-19T23:00:00Z,246,2,248,0
2022-09-20T00:00:00Z,0,272,272,0
2022-09-20T01:00:00Z,0,326,326,0
2022-09-20T02:00:00Z,0,663,663,0
2022-09-20T03:00:00Z,0,560,560,0
2022-09-20T04:00:00Z,0,1051,1051,0
2022-09-20T05:00:00Z,0,325,325,0
2022-09-20T06:00:00Z,0,248,248,1
2022-09-20T07:00:00Z,0,128,128,1
2022-09-20T08:00:00Z,0,120,120,1
2022-09-20T09:00:00Z,0,134,134,1
2022-09-20T10:00:00Z,0,213,213,1
2022-09-20T11:00:00Z,0,762,762,1
2022-09-20T12:00:00Z,0,253,253,1
2022-09-20T13:00:00Z,0,224,224,1
2022-09-20T14:00:00Z,0,232,232,1
2022-09-20T15:00:00Z,3,258,261,1
2022-09-20T16:00:00Z,219,0,219,1
2022-09-20T17:00:00Z,126,0,126,1
2022-09-20T18:00:00Z,124,0,124,1
2022-09-20T19:00:00Z,123,0,123,1
2022-09-20T20:00:00Z,678,0,678,1
2022-09-20T21:00:00Z,697,0,697,1
2022-09-20T22:00:00Z,317,0,317,0
2022-09-20T23:00:00Z,344,3,347,0
2022-09-21T00:00:00Z,0,327,327,0
2022-09-21T01:00:00Z,0,309,309,0
2022-09-21T02:00:00Z,0,459,459,0
2022-09-21T03:00:00Z,0,1192,1192,0
2022-09-21T04:00:00Z,0,296,296,0
2022-09-21T05:00:00Z,0,293,293,0
2022-09-21T06:00:00Z,0,241,241,1
2022-09-21T07:00:00Z,0,120,120,1
2022-09-21T08:00:00Z,0,115,115,1
2022-09-21T09:00:00Z,0,113,113,1
2022-09-21T10:00:00Z,0,326,326,1
2022-09-21T11:00:00Z,0,930,930,1
2022-09-21T12:00:00Z,0,231,231,1
2022-09-21T13:00:00Z,0,240,240,1
2022-09-21T14:00:00Z,0,247,247,1
2022-09-21T15:00:00Z,19,316,335,1
2022-09-21T16:00:00Z,222,0,222,1
2022-09-21T17:00:00Z,152,0,152,1
2022-09-21T18:00:00Z,131,0,131,1
2022-09-21T19:00:00Z,132,0,132,1
2022-09-21T20:00:00Z,913,0,913,1
2022-09-21T21:00:00Z,717,0,717,1
2022-09-21T22:00:00Z,146,0,146,0
2022-09-21T23:00:00Z,262,3,265,0
2022-09-22T00:00:00Z,0,269,269,0
2022-09-22T01:00:00Z,0,423,423,0
2022-09-22T02:00:00Z,0,259,259,0
2022-09-22T03:00:00Z,0,338,338,0
2022-09-22T04:00:00Z,0,316,316,0
2022-09-22T05:00:00Z,0,239,239,0
2022-09-22T06:00:00Z,0,150,150,1
2022-09-22T07:00:00Z,0,68,68,1
